"[0.5196, 0.75]","[0.5075, 0.7038]","[0.4777, 0.6812]","[0.4504, 0.7003]","[0.433, 0.7325]","[0.4468, 0.6851]","[0.4126, 0.6848]","[0.3915, 0.6901]","[0.3724, 0.6947]","[0.4434, 0.7178]","[0.4059, 0.7174]","[0.3812, 0.7176]","[0.3608, 0.7178]","[0.448, 0.7495]","[0.4224, 0.7605]","[0.4434, 0.7537]","[0.4605, 0.7487]","[0.4569, 0.7798]","[0.4368, 0.7843]","[0.4506, 0.7769]","[0.4637, 0.7718]"
"[0.5245, 0.7505]","[0.5095, 0.7052]","[0.4785, 0.6831]","[0.4508, 0.7045]","[0.4332, 0.7363]","[0.4477, 0.6849]","[0.413, 0.6843]","[0.3918, 0.6895]","[0.3729, 0.6932]","[0.4444, 0.7185]","[0.4066, 0.7172]","[0.3819, 0.7168]","[0.3607, 0.7164]","[0.4486, 0.7497]","[0.4228, 0.7602]","[0.4427, 0.753]","[0.4598, 0.7481]","[0.4569, 0.7794]","[0.4372, 0.7836]","[0.4496, 0.7765]","[0.4624, 0.7724]"
"[0.5277, 0.7519]","[0.5084, 0.7048]","[0.4778, 0.6839]","[0.4502, 0.7056]","[0.4312, 0.7379]","[0.4497, 0.6854]","[0.4139, 0.6843]","[0.392, 0.6893]","[0.3721, 0.6932]","[0.446, 0.7182]","[0.4074, 0.7166]","[0.3818, 0.7178]","[0.3599, 0.7185]","[0.4496, 0.7493]","[0.4231, 0.7608]","[0.4426, 0.7555]","[0.4596, 0.75]","[0.4567, 0.7792]","[0.4372, 0.7845]","[0.4496, 0.7785]","[0.462, 0.7728]"
"[0.5276, 0.7498]","[0.5072, 0.7004]","[0.4764, 0.6818]","[0.4497, 0.7059]","[0.43, 0.7381]","[0.4483, 0.685]","[0.4131, 0.684]","[0.3915, 0.6885]","[0.3722, 0.6922]","[0.4456, 0.718]","[0.4068, 0.7165]","[0.3813, 0.7176]","[0.3594, 0.7189]","[0.4499, 0.7491]","[0.4227, 0.7608]","[0.4416, 0.7548]","[0.4584, 0.7494]","[0.4574, 0.779]","[0.437, 0.7848]","[0.4492, 0.7776]","[0.462, 0.7711]"
"[0.528, 0.7504]","[0.5089, 0.7022]","[0.4778, 0.6807]","[0.4495, 0.7036]","[0.4308, 0.7384]","[0.4491, 0.684]","[0.4137, 0.683]","[0.3921, 0.6882]","[0.3726, 0.6921]","[0.4456, 0.7169]","[0.4066, 0.7153]","[0.3812, 0.717]","[0.3598, 0.7181]","[0.4496, 0.7479]","[0.4223, 0.7599]","[0.4412, 0.7553]","[0.4588, 0.7505]","[0.4573, 0.7781]","[0.4365, 0.7845]","[0.4486, 0.7779]","[0.4621, 0.7714]"
"[0.5282, 0.7521]","[0.5082, 0.702]","[0.4772, 0.6804]","[0.4497, 0.7016]","[0.4306, 0.7371]","[0.4488, 0.6847]","[0.4133, 0.6837]","[0.3916, 0.6889]","[0.3721, 0.6927]","[0.446, 0.7178]","[0.4072, 0.7161]","[0.3812, 0.7169]","[0.3594, 0.7177]","[0.45, 0.749]","[0.4226, 0.7605]","[0.4417, 0.7554]","[0.4594, 0.7503]","[0.4562, 0.7787]","[0.4366, 0.7847]","[0.4491, 0.7787]","[0.4625, 0.7723]"
"[0.5271, 0.7545]","[0.507, 0.7033]","[0.4773, 0.6825]","[0.4513, 0.7039]","[0.4313, 0.7385]","[0.4476, 0.6854]","[0.414, 0.6846]","[0.3922, 0.6901]","[0.3729, 0.6947]","[0.4456, 0.7188]","[0.4076, 0.7172]","[0.3816, 0.7176]","[0.3586, 0.7178]","[0.4493, 0.7503]","[0.4232, 0.7606]","[0.4428, 0.7551]","[0.4601, 0.7492]","[0.4545, 0.7801]","[0.4365, 0.7861]","[0.4494, 0.78]","[0.4623, 0.7735]"
"[0.5278, 0.7531]","[0.5076, 0.7034]","[0.4773, 0.6827]","[0.4505, 0.7032]","[0.4305, 0.7372]","[0.4478, 0.6855]","[0.4142, 0.6853]","[0.3924, 0.6908]","[0.3732, 0.6949]","[0.4453, 0.7191]","[0.4074, 0.7179]","[0.3816, 0.7183]","[0.3593, 0.7182]","[0.4494, 0.7509]","[0.4226, 0.7617]","[0.4424, 0.7561]","[0.46, 0.7504]","[0.4555, 0.7809]","[0.4366, 0.7867]","[0.4495, 0.7803]","[0.4626, 0.7735]"
"[0.528, 0.7525]","[0.5082, 0.7041]","[0.4773, 0.6829]","[0.4496, 0.7049]","[0.4301, 0.7391]","[0.4482, 0.6862]","[0.4131, 0.6854]","[0.3915, 0.6906]","[0.3722, 0.6946]","[0.4455, 0.7196]","[0.4069, 0.7182]","[0.3814, 0.7188]","[0.3594, 0.7193]","[0.4499, 0.7512]","[0.4229, 0.7615]","[0.4419, 0.7551]","[0.459, 0.7497]","[0.4569, 0.7812]","[0.4368, 0.7861]","[0.4491, 0.779]","[0.4621, 0.7725]"
"[0.5284, 0.7529]","[0.5096, 0.7062]","[0.4787, 0.6831]","[0.4504, 0.7036]","[0.4312, 0.738]","[0.4482, 0.6863]","[0.4134, 0.6856]","[0.3918, 0.6912]","[0.3723, 0.6956]","[0.445, 0.7199]","[0.4066, 0.7178]","[0.3811, 0.7196]","[0.3593, 0.7201]","[0.4491, 0.7514]","[0.4224, 0.7633]","[0.4416, 0.7585]","[0.4592, 0.7524]","[0.4564, 0.7817]","[0.437, 0.7879]","[0.4494, 0.7819]","[0.4625, 0.775]"
"[0.5278, 0.754]","[0.508, 0.7064]","[0.4778, 0.6837]","[0.4508, 0.7041]","[0.4317, 0.7394]","[0.4471, 0.6869]","[0.4126, 0.6863]","[0.3908, 0.6921]","[0.3715, 0.6968]","[0.4447, 0.7201]","[0.4063, 0.7183]","[0.3806, 0.7199]","[0.3582, 0.7206]","[0.4489, 0.7516]","[0.4227, 0.7628]","[0.4423, 0.7572]","[0.4594, 0.7507]","[0.4549, 0.7816]","[0.4364, 0.7869]","[0.4492, 0.7804]","[0.462, 0.7731]"
"[0.5283, 0.7545]","[0.5087, 0.7078]","[0.4785, 0.6852]","[0.4509, 0.7037]","[0.4319, 0.7387]","[0.448, 0.6875]","[0.413, 0.6866]","[0.3911, 0.6922]","[0.3715, 0.6965]","[0.4451, 0.7202]","[0.4068, 0.7184]","[0.381, 0.7197]","[0.3586, 0.72]","[0.4491, 0.7513]","[0.422, 0.7626]","[0.4413, 0.7579]","[0.459, 0.752]","[0.4554, 0.7808]","[0.4363, 0.7868]","[0.4486, 0.7811]","[0.4615, 0.7742]"
"[0.5275, 0.7524]","[0.5097, 0.7042]","[0.4783, 0.6821]","[0.4506, 0.7038]","[0.4323, 0.739]","[0.4476, 0.6868]","[0.4125, 0.6863]","[0.391, 0.6917]","[0.3719, 0.696]","[0.4448, 0.7198]","[0.4063, 0.7187]","[0.3808, 0.72]","[0.3588, 0.7206]","[0.4493, 0.7511]","[0.4212, 0.7632]","[0.4393, 0.7563]","[0.4569, 0.7496]","[0.4568, 0.7813]","[0.436, 0.7879]","[0.4473, 0.7801]","[0.4606, 0.7724]"
"[0.5267, 0.7543]","[0.5077, 0.7037]","[0.4767, 0.6838]","[0.4507, 0.7054]","[0.4315, 0.7406]","[0.4463, 0.6868]","[0.4119, 0.6865]","[0.3899, 0.6919]","[0.371, 0.6962]","[0.4447, 0.7196]","[0.4063, 0.7186]","[0.3802, 0.7201]","[0.3577, 0.7208]","[0.449, 0.7511]","[0.4215, 0.7628]","[0.4402, 0.7563]","[0.4571, 0.7495]","[0.4548, 0.7811]","[0.4358, 0.7878]","[0.4476, 0.7809]","[0.4601, 0.7736]"
"[0.5265, 0.7541]","[0.5065, 0.7036]","[0.476, 0.6843]","[0.4506, 0.7058]","[0.432, 0.7397]","[0.4467, 0.6871]","[0.4125, 0.6865]","[0.3904, 0.6922]","[0.3715, 0.6964]","[0.4451, 0.7199]","[0.4067, 0.7188]","[0.3806, 0.7206]","[0.3582, 0.7208]","[0.4493, 0.7513]","[0.4212, 0.7635]","[0.4397, 0.7585]","[0.4571, 0.752]","[0.4553, 0.781]","[0.4359, 0.789]","[0.4472, 0.7833]","[0.4599, 0.7765]"
"[0.5265, 0.7544]","[0.5065, 0.7048]","[0.4755, 0.6846]","[0.4495, 0.706]","[0.4317, 0.7403]","[0.4469, 0.688]","[0.4123, 0.6875]","[0.3905, 0.6929]","[0.3714, 0.6969]","[0.4448, 0.7208]","[0.4065, 0.7203]","[0.3805, 0.7217]","[0.3582, 0.7221]","[0.4491, 0.7522]","[0.4212, 0.7642]","[0.4398, 0.7582]","[0.4574, 0.7516]","[0.4556, 0.782]","[0.4358, 0.7888]","[0.4473, 0.7823]","[0.4603, 0.7751]"
"[0.5256, 0.7549]","[0.5047, 0.7048]","[0.4747, 0.6857]","[0.4496, 0.707]","[0.4303, 0.7412]","[0.4464, 0.6872]","[0.412, 0.6875]","[0.3896, 0.6928]","[0.3705, 0.6968]","[0.4453, 0.72]","[0.4066, 0.7197]","[0.3804, 0.7216]","[0.3575, 0.722]","[0.4494, 0.7515]","[0.4216, 0.7633]","[0.4402, 0.7579]","[0.4574, 0.7513]","[0.4545, 0.7814]","[0.4355, 0.789]","[0.4474, 0.7824]","[0.4602, 0.7745]"
"[0.5252, 0.7548]","[0.5047, 0.7053]","[0.4748, 0.6864]","[0.4498, 0.7067]","[0.4306, 0.7408]","[0.4458, 0.6877]","[0.412, 0.688]","[0.3897, 0.693]","[0.3709, 0.6967]","[0.4447, 0.7207]","[0.4063, 0.7204]","[0.3803, 0.7219]","[0.3576, 0.7217]","[0.4489, 0.7523]","[0.4215, 0.7633]","[0.4401, 0.7578]","[0.4571, 0.7511]","[0.4542, 0.782]","[0.4357, 0.7889]","[0.4474, 0.7826]","[0.46, 0.7754]"
"[0.5251, 0.7555]","[0.504, 0.7052]","[0.4747, 0.6869]","[0.45, 0.7069]","[0.43, 0.7412]","[0.4456, 0.6877]","[0.4119, 0.688]","[0.3893, 0.6927]","[0.3707, 0.6964]","[0.445, 0.721]","[0.4068, 0.7207]","[0.3804, 0.7221]","[0.3573, 0.7221]","[0.4492, 0.7527]","[0.4223, 0.7636]","[0.4404, 0.7581]","[0.4571, 0.7517]","[0.4541, 0.7823]","[0.4359, 0.7892]","[0.4477, 0.7829]","[0.4604, 0.7759]"
"[0.5258, 0.7556]","[0.5051, 0.7056]","[0.475, 0.6873]","[0.4502, 0.707]","[0.4299, 0.7413]","[0.4456, 0.6881]","[0.412, 0.6882]","[0.3895, 0.693]","[0.3709, 0.6967]","[0.445, 0.7215]","[0.4068, 0.721]","[0.3803, 0.7222]","[0.3571, 0.7223]","[0.4493, 0.7534]","[0.4225, 0.7642]","[0.4415, 0.7599]","[0.4582, 0.7542]","[0.4543, 0.7829]","[0.4364, 0.7899]","[0.4489, 0.7847]","[0.4616, 0.7788]"
"[0.5272, 0.7564]","[0.5064, 0.7076]","[0.4756, 0.6878]","[0.4498, 0.7071]","[0.4301, 0.7414]","[0.447, 0.6882]","[0.4122, 0.6884]","[0.3898, 0.6935]","[0.3705, 0.6971]","[0.4458, 0.7213]","[0.4072, 0.7207]","[0.3803, 0.7223]","[0.3572, 0.7228]","[0.4499, 0.7529]","[0.4222, 0.7644]","[0.441, 0.7603]","[0.4581, 0.7545]","[0.4549, 0.7822]","[0.4363, 0.7896]","[0.4487, 0.7847]","[0.4614, 0.7784]"
"[0.5277, 0.7554]","[0.5066, 0.7064]","[0.4759, 0.6865]","[0.4496, 0.7067]","[0.4301, 0.7423]","[0.4471, 0.689]","[0.4125, 0.6889]","[0.3904, 0.6938]","[0.3712, 0.6973]","[0.4453, 0.7219]","[0.4068, 0.7216]","[0.3805, 0.7225]","[0.3578, 0.7226]","[0.4496, 0.7534]","[0.4217, 0.765]","[0.4404, 0.7588]","[0.4578, 0.7524]","[0.4556, 0.783]","[0.4366, 0.7899]","[0.4484, 0.7835]","[0.4611, 0.7766]"
"[0.5263, 0.7556]","[0.5047, 0.7064]","[0.4745, 0.6876]","[0.4497, 0.7093]","[0.4294, 0.7444]","[0.4458, 0.6885]","[0.4117, 0.6887]","[0.3894, 0.6934]","[0.3706, 0.6976]","[0.4451, 0.722]","[0.4065, 0.7214]","[0.3802, 0.7225]","[0.3572, 0.7232]","[0.4495, 0.754]","[0.4233, 0.7657]","[0.4423, 0.7587]","[0.4588, 0.7514]","[0.4543, 0.7838]","[0.4369, 0.791]","[0.4493, 0.7844]","[0.4614, 0.7774]"
"[0.5273, 0.7549]","[0.507, 0.7071]","[0.4757, 0.6863]","[0.4498, 0.7084]","[0.4312, 0.7433]","[0.4467, 0.6884]","[0.4118, 0.6888]","[0.3902, 0.694]","[0.371, 0.6976]","[0.445, 0.7219]","[0.4064, 0.7219]","[0.3801, 0.7234]","[0.3578, 0.7245]","[0.4496, 0.7535]","[0.4224, 0.7662]","[0.441, 0.7605]","[0.4582, 0.7544]","[0.4557, 0.7829]","[0.4363, 0.7906]","[0.4482, 0.7847]","[0.4608, 0.7779]"
"[0.5274, 0.7557]","[0.5079, 0.7063]","[0.4766, 0.6847]","[0.4492, 0.708]","[0.4319, 0.7425]","[0.4477, 0.6894]","[0.4122, 0.689]","[0.3904, 0.6944]","[0.3709, 0.6983]","[0.4451, 0.7225]","[0.4066, 0.7215]","[0.3806, 0.7229]","[0.3583, 0.7236]","[0.4493, 0.7536]","[0.4214, 0.7647]","[0.4395, 0.7589]","[0.4572, 0.7536]","[0.4563, 0.7834]","[0.4358, 0.7894]","[0.4473, 0.7823]","[0.4607, 0.7753]"
"[0.5266, 0.7564]","[0.5065, 0.7058]","[0.476, 0.6859]","[0.4502, 0.7075]","[0.4318, 0.7432]","[0.4459, 0.6889]","[0.4117, 0.6888]","[0.3897, 0.6941]","[0.3707, 0.6981]","[0.4444, 0.722]","[0.4065, 0.7213]","[0.3804, 0.7227]","[0.3579, 0.7229]","[0.4488, 0.7538]","[0.4211, 0.7647]","[0.4403, 0.7593]","[0.458, 0.7532]","[0.4545, 0.7837]","[0.436, 0.7902]","[0.4486, 0.7844]","[0.4621, 0.778]"
"[0.5252, 0.7574]","[0.5037, 0.7046]","[0.4742, 0.6874]","[0.4504, 0.7074]","[0.4314, 0.7414]","[0.4448, 0.6895]","[0.4114, 0.6889]","[0.3889, 0.6939]","[0.3704, 0.6979]","[0.4446, 0.7226]","[0.4067, 0.7218]","[0.3804, 0.7233]","[0.3573, 0.7232]","[0.4487, 0.7545]","[0.4215, 0.7644]","[0.4406, 0.7593]","[0.4578, 0.7525]","[0.4533, 0.7836]","[0.4362, 0.7913]","[0.4484, 0.7851]","[0.4614, 0.7784]"
"[0.5261, 0.756]","[0.5045, 0.7049]","[0.474, 0.6877]","[0.4488, 0.7084]","[0.4302, 0.7427]","[0.4458, 0.6885]","[0.4119, 0.6893]","[0.3896, 0.6947]","[0.3708, 0.6985]","[0.4448, 0.7219]","[0.4068, 0.7225]","[0.3804, 0.7242]","[0.3577, 0.7243]","[0.4491, 0.7541]","[0.4213, 0.7653]","[0.4399, 0.7604]","[0.4571, 0.7543]","[0.4546, 0.784]","[0.4358, 0.7915]","[0.4479, 0.7856]","[0.4611, 0.7791]"
"[0.5279, 0.7565]","[0.5078, 0.7078]","[0.4764, 0.6877]","[0.4492, 0.7081]","[0.4297, 0.7428]","[0.4467, 0.6892]","[0.412, 0.6893]","[0.3902, 0.6946]","[0.371, 0.6985]","[0.4441, 0.7228]","[0.4063, 0.7226]","[0.3802, 0.7244]","[0.358, 0.7252]","[0.4482, 0.7544]","[0.4216, 0.7674]","[0.4402, 0.7627]","[0.4577, 0.7566]","[0.4542, 0.7838]","[0.4357, 0.7918]","[0.448, 0.7867]","[0.4611, 0.7798]"
"[0.5271, 0.7576]","[0.5055, 0.7083]","[0.4751, 0.6889]","[0.449, 0.7078]","[0.4296, 0.743]","[0.4465, 0.6897]","[0.4119, 0.6905]","[0.3894, 0.6954]","[0.3704, 0.6991]","[0.4452, 0.7229]","[0.4068, 0.723]","[0.3806, 0.7251]","[0.3572, 0.7254]","[0.4492, 0.7545]","[0.4221, 0.7671]","[0.4407, 0.7615]","[0.4578, 0.7543]","[0.4539, 0.7839]","[0.4361, 0.7925]","[0.4482, 0.7869]","[0.461, 0.7794]"
"[0.5274, 0.7567]","[0.5062, 0.7082]","[0.4759, 0.6874]","[0.4493, 0.7065]","[0.4301, 0.7417]","[0.4463, 0.6896]","[0.4121, 0.6905]","[0.3901, 0.6957]","[0.3709, 0.6991]","[0.4445, 0.7227]","[0.4065, 0.7233]","[0.3805, 0.7251]","[0.3577, 0.7254]","[0.4488, 0.7547]","[0.4219, 0.7665]","[0.4404, 0.7616]","[0.4576, 0.7555]","[0.4548, 0.7847]","[0.4363, 0.792]","[0.4483, 0.786]","[0.4611, 0.7789]"
"[0.5283, 0.7569]","[0.5077, 0.709]","[0.4771, 0.6878]","[0.4499, 0.7052]","[0.4317, 0.7415]","[0.4467, 0.69]","[0.4119, 0.6902]","[0.3899, 0.6953]","[0.3705, 0.6987]","[0.4447, 0.7226]","[0.4066, 0.7231]","[0.3805, 0.7248]","[0.3577, 0.7248]","[0.449, 0.7541]","[0.421, 0.766]","[0.4389, 0.7609]","[0.4567, 0.7545]","[0.4551, 0.7837]","[0.436, 0.7914]","[0.4473, 0.7855]","[0.4605, 0.778]"
"[0.5269, 0.757]","[0.5055, 0.7095]","[0.4759, 0.6896]","[0.4498, 0.7081]","[0.43, 0.7436]","[0.4467, 0.6901]","[0.412, 0.6898]","[0.3895, 0.6945]","[0.3702, 0.6978]","[0.4452, 0.7229]","[0.407, 0.7222]","[0.3805, 0.7241]","[0.3571, 0.7245]","[0.4491, 0.7543]","[0.4226, 0.7654]","[0.4412, 0.7605]","[0.4582, 0.754]","[0.4541, 0.7839]","[0.4363, 0.7908]","[0.4486, 0.7847]","[0.4616, 0.7774]"
"[0.5278, 0.7553]","[0.5068, 0.7073]","[0.4757, 0.6875]","[0.4492, 0.7079]","[0.4312, 0.7429]","[0.446, 0.6893]","[0.4117, 0.689]","[0.3899, 0.6936]","[0.371, 0.697]","[0.4439, 0.7218]","[0.4065, 0.7217]","[0.3804, 0.723]","[0.3581, 0.7234]","[0.4483, 0.753]","[0.4213, 0.7645]","[0.4392, 0.7588]","[0.4562, 0.7523]","[0.4546, 0.7824]","[0.4356, 0.7899]","[0.4472, 0.783]","[0.4601, 0.7747]"
"[0.528, 0.7539]","[0.5081, 0.706]","[0.4766, 0.6856]","[0.4487, 0.7075]","[0.4307, 0.7422]","[0.4469, 0.6886]","[0.4121, 0.6879]","[0.3905, 0.6929]","[0.3714, 0.6968]","[0.4444, 0.7217]","[0.4064, 0.7214]","[0.3807, 0.7225]","[0.3586, 0.7231]","[0.4489, 0.7528]","[0.4219, 0.7647]","[0.4397, 0.7586]","[0.4569, 0.7527]","[0.4561, 0.7827]","[0.4362, 0.7901]","[0.4474, 0.7831]","[0.4602, 0.7758]"
"[0.5288, 0.7549]","[0.5093, 0.707]","[0.4782, 0.6855]","[0.4499, 0.707]","[0.4316, 0.7422]","[0.4483, 0.6888]","[0.4128, 0.6879]","[0.3911, 0.6925]","[0.3714, 0.6962]","[0.4455, 0.7219]","[0.4071, 0.7209]","[0.3811, 0.7217]","[0.3585, 0.7223]","[0.4498, 0.7529]","[0.4221, 0.765]","[0.4396, 0.7583]","[0.457, 0.7522]","[0.457, 0.7828]","[0.4365, 0.7897]","[0.4476, 0.7819]","[0.461, 0.7742]"
"[0.5275, 0.7528]","[0.5075, 0.7032]","[0.4761, 0.6826]","[0.4487, 0.7077]","[0.4319, 0.7427]","[0.448, 0.6872]","[0.4127, 0.6865]","[0.3911, 0.6912]","[0.3718, 0.6954]","[0.4454, 0.7205]","[0.4067, 0.7192]","[0.381, 0.72]","[0.3592, 0.7215]","[0.45, 0.7519]","[0.4223, 0.763]","[0.4399, 0.7562]","[0.4572, 0.7515]","[0.4581, 0.7829]","[0.4368, 0.7885]","[0.4479, 0.7803]","[0.461, 0.7743]"
"[0.5269, 0.754]","[0.5059, 0.7045]","[0.4751, 0.6848]","[0.4489, 0.7067]","[0.4308, 0.7432]","[0.4475, 0.6877]","[0.4124, 0.6867]","[0.3905, 0.6913]","[0.3712, 0.6949]","[0.4458, 0.7207]","[0.407, 0.7198]","[0.3808, 0.7206]","[0.3581, 0.7214]","[0.4501, 0.7522]","[0.4218, 0.7636]","[0.4404, 0.7568]","[0.458, 0.7509]","[0.4561, 0.7823]","[0.4362, 0.7887]","[0.4481, 0.782]","[0.4613, 0.7752]"
"[0.5261, 0.7539]","[0.5054, 0.7043]","[0.4748, 0.6854]","[0.4491, 0.7075]","[0.4297, 0.7426]","[0.4464, 0.6876]","[0.4117, 0.6868]","[0.3899, 0.6913]","[0.3709, 0.6948]","[0.4451, 0.721]","[0.4068, 0.72]","[0.3805, 0.7208]","[0.3578, 0.7215]","[0.4495, 0.7524]","[0.4221, 0.7637]","[0.4401, 0.7578]","[0.4573, 0.7518]","[0.4551, 0.7819]","[0.4361, 0.7884]","[0.4478, 0.7821]","[0.4606, 0.775]"
"[0.5264, 0.7534]","[0.5067, 0.7053]","[0.4759, 0.6844]","[0.4486, 0.7073]","[0.4317, 0.7438]","[0.4476, 0.6881]","[0.4123, 0.687]","[0.3907, 0.6918]","[0.3714, 0.6954]","[0.445, 0.7215]","[0.4067, 0.7205]","[0.3808, 0.7215]","[0.3587, 0.7222]","[0.4491, 0.7526]","[0.422, 0.7643]","[0.4399, 0.7581]","[0.4576, 0.7524]","[0.4563, 0.7823]","[0.4361, 0.7886]","[0.4473, 0.7816]","[0.4606, 0.7748]"
"[0.5264, 0.7543]","[0.5061, 0.705]","[0.4754, 0.6844]","[0.4486, 0.7066]","[0.431, 0.7423]","[0.4474, 0.6881]","[0.4122, 0.6871]","[0.3908, 0.6919]","[0.3715, 0.6956]","[0.4446, 0.7216]","[0.4065, 0.7206]","[0.3808, 0.7218]","[0.3589, 0.723]","[0.4488, 0.7531]","[0.4213, 0.7653]","[0.4399, 0.7581]","[0.4575, 0.7516]","[0.4559, 0.7833]","[0.4361, 0.7896]","[0.4479, 0.7826]","[0.4611, 0.7753]"
"[0.5259, 0.7563]","[0.5048, 0.7059]","[0.4747, 0.6864]","[0.4493, 0.7082]","[0.4309, 0.7435]","[0.4458, 0.6893]","[0.4113, 0.6881]","[0.3894, 0.6923]","[0.3705, 0.6958]","[0.4445, 0.7224]","[0.4066, 0.7212]","[0.3805, 0.7224]","[0.358, 0.7234]","[0.449, 0.754]","[0.4219, 0.7654]","[0.4404, 0.7584]","[0.4573, 0.7513]","[0.4548, 0.7839]","[0.4365, 0.7905]","[0.4484, 0.784]","[0.4609, 0.7766]"
"[0.526, 0.7574]","[0.5052, 0.7076]","[0.4753, 0.6879]","[0.4496, 0.7087]","[0.4302, 0.7425]","[0.4453, 0.689]","[0.4113, 0.6886]","[0.3894, 0.6932]","[0.3707, 0.6965]","[0.4437, 0.7222]","[0.406, 0.7221]","[0.3802, 0.7236]","[0.3577, 0.7241]","[0.448, 0.7538]","[0.4216, 0.7657]","[0.4407, 0.7598]","[0.4576, 0.7531]","[0.4538, 0.7837]","[0.4359, 0.7911]","[0.4481, 0.785]","[0.4605, 0.7777]"
"[0.5269, 0.7564]","[0.5057, 0.7065]","[0.4746, 0.6878]","[0.4492, 0.7107]","[0.4303, 0.7451]","[0.4459, 0.6901]","[0.4115, 0.6894]","[0.3898, 0.6942]","[0.3708, 0.6978]","[0.444, 0.7234]","[0.4059, 0.7228]","[0.3799, 0.7237]","[0.3578, 0.7241]","[0.4485, 0.7556]","[0.4215, 0.7673]","[0.4403, 0.7616]","[0.4572, 0.7554]","[0.455, 0.7857]","[0.436, 0.7925]","[0.4477, 0.787]","[0.4599, 0.7811]"
"[0.527, 0.7566]","[0.5065, 0.7072]","[0.4745, 0.6869]","[0.4475, 0.7121]","[0.4303, 0.7485]","[0.4471, 0.6908]","[0.4122, 0.6897]","[0.3908, 0.695]","[0.3714, 0.6991]","[0.4445, 0.7242]","[0.4062, 0.7229]","[0.3801, 0.7239]","[0.3578, 0.7252]","[0.4488, 0.756]","[0.4217, 0.7682]","[0.4401, 0.7617]","[0.4569, 0.756]","[0.4559, 0.7859]","[0.4357, 0.7925]","[0.4469, 0.7857]","[0.4592, 0.7798]"
"[0.5276, 0.7576]","[0.5072, 0.7087]","[0.4751, 0.6879]","[0.4475, 0.7116]","[0.4298, 0.7474]","[0.4484, 0.6909]","[0.413, 0.6901]","[0.3913, 0.6952]","[0.3717, 0.6993]","[0.4455, 0.7243]","[0.4067, 0.7235]","[0.3807, 0.7245]","[0.3583, 0.726]","[0.4496, 0.7562]","[0.4222, 0.7681]","[0.441, 0.761]","[0.4579, 0.7555]","[0.4567, 0.7864]","[0.4358, 0.7924]","[0.4475, 0.7851]","[0.4602, 0.7795]"
"[0.5269, 0.7576]","[0.5043, 0.7072]","[0.4732, 0.6881]","[0.4473, 0.7116]","[0.4295, 0.7483]","[0.4468, 0.6909]","[0.4118, 0.6904]","[0.3898, 0.6955]","[0.3706, 0.6992]","[0.4453, 0.7242]","[0.4071, 0.7238]","[0.3805, 0.7249]","[0.3574, 0.7257]","[0.4495, 0.756]","[0.4227, 0.768]","[0.4413, 0.7613]","[0.4583, 0.7549]","[0.4551, 0.7857]","[0.4361, 0.7931]","[0.448, 0.7866]","[0.4608, 0.78]"
"[0.527, 0.7578]","[0.505, 0.7087]","[0.4732, 0.6899]","[0.4468, 0.7123]","[0.4284, 0.7473]","[0.4463, 0.6901]","[0.4116, 0.6905]","[0.3896, 0.696]","[0.3706, 0.7]","[0.4444, 0.7233]","[0.4062, 0.7241]","[0.3801, 0.7258]","[0.3578, 0.7264]","[0.4487, 0.7549]","[0.4221, 0.7676]","[0.4416, 0.7619]","[0.4584, 0.7551]","[0.4542, 0.7846]","[0.4362, 0.7926]","[0.4487, 0.7868]","[0.4609, 0.7799]"
"[0.5271, 0.7565]","[0.5072, 0.7085]","[0.4759, 0.6875]","[0.4481, 0.7113]","[0.4309, 0.7487]","[0.4463, 0.6918]","[0.4114, 0.6914]","[0.3898, 0.6966]","[0.3708, 0.7002]","[0.4436, 0.725]","[0.4059, 0.7252]","[0.3803, 0.7265]","[0.3583, 0.7269]","[0.4481, 0.7563]","[0.4214, 0.7684]","[0.4397, 0.762]","[0.457, 0.7562]","[0.4552, 0.7866]","[0.4352, 0.7929]","[0.4469, 0.7856]","[0.4602, 0.7786]"
"[0.5261, 0.7593]","[0.5056, 0.7089]","[0.4751, 0.6892]","[0.4485, 0.7109]","[0.43, 0.7483]","[0.4456, 0.6917]","[0.4112, 0.6918]","[0.3892, 0.697]","[0.3701, 0.7009]","[0.444, 0.7248]","[0.4063, 0.7241]","[0.38, 0.7257]","[0.3571, 0.7263]","[0.4484, 0.7569]","[0.4208, 0.7679]","[0.4394, 0.7631]","[0.457, 0.7577]","[0.4537, 0.7876]","[0.4349, 0.793]","[0.4474, 0.7875]","[0.4608, 0.7814]"
"[0.5256, 0.7588]","[0.5057, 0.7098]","[0.4749, 0.6895]","[0.448, 0.712]","[0.4285, 0.7498]","[0.4452, 0.6923]","[0.411, 0.6921]","[0.389, 0.6971]","[0.3702, 0.7009]","[0.4433, 0.7261]","[0.4054, 0.7252]","[0.3798, 0.7257]","[0.3573, 0.7259]","[0.4479, 0.7582]","[0.4213, 0.7697]","[0.4416, 0.7635]","[0.4587, 0.758]","[0.4539, 0.7886]","[0.4358, 0.7938]","[0.4492, 0.7881]","[0.4619, 0.783]"
"[0.5259, 0.7591]","[0.5054, 0.7107]","[0.4746, 0.6911]","[0.4477, 0.7128]","[0.428, 0.7488]","[0.4466, 0.6924]","[0.4111, 0.692]","[0.3892, 0.6973]","[0.3697, 0.7011]","[0.4445, 0.7258]","[0.4057, 0.7251]","[0.3797, 0.7264]","[0.357, 0.7272]","[0.449, 0.7576]","[0.4218, 0.7703]","[0.4419, 0.7649]","[0.4591, 0.7592]","[0.455, 0.7878]","[0.4362, 0.7943]","[0.4491, 0.7892]","[0.4617, 0.7838]"
"[0.5267, 0.7587]","[0.506, 0.7106]","[0.4749, 0.6905]","[0.4482, 0.7136]","[0.4286, 0.7494]","[0.4462, 0.6923]","[0.4112, 0.6925]","[0.3893, 0.6978]","[0.3699, 0.7016]","[0.4442, 0.7259]","[0.4058, 0.7254]","[0.3799, 0.7266]","[0.3574, 0.7276]","[0.4488, 0.7579]","[0.4212, 0.7705]","[0.441, 0.7647]","[0.4582, 0.759]","[0.4553, 0.7883]","[0.4356, 0.7947]","[0.4485, 0.7886]","[0.4613, 0.7823]"
"[0.527, 0.7598]","[0.5065, 0.7119]","[0.4755, 0.6906]","[0.448, 0.7127]","[0.4299, 0.7501]","[0.447, 0.6935]","[0.4113, 0.6937]","[0.3893, 0.6992]","[0.3697, 0.703]","[0.4446, 0.7265]","[0.406, 0.7262]","[0.38, 0.7278]","[0.3575, 0.7283]","[0.4488, 0.7577]","[0.4207, 0.7707]","[0.4394, 0.7648]","[0.4571, 0.7581]","[0.455, 0.7875]","[0.4353, 0.7945]","[0.4471, 0.7879]","[0.4601, 0.7803]"
"[0.5265, 0.7609]","[0.5053, 0.7107]","[0.4743, 0.6913]","[0.4479, 0.7146]","[0.4291, 0.7521]","[0.446, 0.6944]","[0.4115, 0.6942]","[0.3894, 0.6996]","[0.3702, 0.7037]","[0.4442, 0.7279]","[0.406, 0.7272]","[0.38, 0.7285]","[0.3571, 0.7293]","[0.4484, 0.7597]","[0.4202, 0.7714]","[0.4392, 0.7638]","[0.4565, 0.7567]","[0.4542, 0.7903]","[0.435, 0.7964]","[0.4474, 0.7884]","[0.4606, 0.7808]"
"[0.5272, 0.7595]","[0.507, 0.7128]","[0.4752, 0.6912]","[0.4471, 0.7138]","[0.4299, 0.7509]","[0.4471, 0.6954]","[0.4112, 0.6951]","[0.3895, 0.7006]","[0.37, 0.7043]","[0.4443, 0.7284]","[0.4059, 0.7284]","[0.3801, 0.7301]","[0.3574, 0.7307]","[0.4484, 0.7595]","[0.4197, 0.7726]","[0.4383, 0.7658]","[0.4564, 0.7594]","[0.4554, 0.7893]","[0.4346, 0.7962]","[0.446, 0.7892]","[0.4595, 0.7826]"
"[0.5264, 0.7593]","[0.5053, 0.7102]","[0.4741, 0.6906]","[0.4473, 0.7142]","[0.4289, 0.7493]","[0.446, 0.6939]","[0.4108, 0.6946]","[0.389, 0.7002]","[0.3694, 0.704]","[0.444, 0.7269]","[0.4056, 0.7275]","[0.3794, 0.7298]","[0.3569, 0.7308]","[0.4485, 0.7581]","[0.42, 0.7713]","[0.4382, 0.7671]","[0.4563, 0.7617]","[0.4552, 0.7879]","[0.4348, 0.7955]","[0.4466, 0.7894]","[0.4603, 0.7823]"
"[0.5249, 0.7617]","[0.5023, 0.7116]","[0.4723, 0.6935]","[0.4478, 0.7148]","[0.428, 0.7504]","[0.4452, 0.6934]","[0.4105, 0.694]","[0.3874, 0.6992]","[0.3687, 0.7029]","[0.4449, 0.7266]","[0.406, 0.7262]","[0.3793, 0.7291]","[0.3559, 0.7295]","[0.4486, 0.758]","[0.4211, 0.7709]","[0.44, 0.7676]","[0.4571, 0.7609]","[0.4523, 0.7871]","[0.4352, 0.7967]","[0.4476, 0.7919]","[0.4603, 0.7848]"
"[0.5267, 0.7598]","[0.5055, 0.7112]","[0.4747, 0.6912]","[0.4486, 0.7134]","[0.4296, 0.7485]","[0.4463, 0.6939]","[0.4108, 0.6944]","[0.3887, 0.7]","[0.3692, 0.7035]","[0.4447, 0.7268]","[0.4064, 0.727]","[0.3796, 0.7287]","[0.3566, 0.7291]","[0.4492, 0.7582]","[0.4208, 0.7713]","[0.4388, 0.7668]","[0.4565, 0.7606]","[0.4552, 0.7879]","[0.4354, 0.796]","[0.4467, 0.7901]","[0.4597, 0.7821]"
"[0.5255, 0.7601]","[0.5026, 0.7105]","[0.4726, 0.6925]","[0.448, 0.714]","[0.428, 0.7495]","[0.4449, 0.6921]","[0.4103, 0.6937]","[0.3873, 0.6995]","[0.3683, 0.7039]","[0.4444, 0.7254]","[0.4058, 0.7258]","[0.3791, 0.7281]","[0.3558, 0.7289]","[0.4486, 0.7572]","[0.4211, 0.77]","[0.4402, 0.765]","[0.4575, 0.7581]","[0.4532, 0.7874]","[0.4357, 0.7956]","[0.4484, 0.7895]","[0.4613, 0.7819]"
"[0.5259, 0.7579]","[0.5065, 0.7103]","[0.4748, 0.6892]","[0.4474, 0.7132]","[0.4299, 0.7503]","[0.4458, 0.6938]","[0.4107, 0.6941]","[0.3892, 0.7]","[0.3701, 0.7043]","[0.4433, 0.7273]","[0.4052, 0.7268]","[0.3796, 0.7281]","[0.3574, 0.7292]","[0.4479, 0.7588]","[0.4201, 0.7713]","[0.4384, 0.7639]","[0.4558, 0.7573]","[0.4552, 0.7886]","[0.4346, 0.7956]","[0.4458, 0.788]","[0.4589, 0.7808]"
"[0.5268, 0.7593]","[0.5055, 0.7111]","[0.4742, 0.691]","[0.4477, 0.7133]","[0.4286, 0.7505]","[0.4461, 0.6933]","[0.4102, 0.6942]","[0.3882, 0.7001]","[0.3686, 0.7043]","[0.4444, 0.7265]","[0.4055, 0.7263]","[0.379, 0.7281]","[0.356, 0.7292]","[0.4486, 0.7581]","[0.4198, 0.7711]","[0.4388, 0.7658]","[0.457, 0.7592]","[0.4539, 0.7878]","[0.4347, 0.7959]","[0.447, 0.7902]","[0.4604, 0.7829]"
"[0.5272, 0.7585]","[0.506, 0.7095]","[0.4744, 0.6907]","[0.4481, 0.7141]","[0.4292, 0.7491]","[0.4458, 0.693]","[0.4104, 0.694]","[0.3885, 0.6996]","[0.3691, 0.7039]","[0.4441, 0.7265]","[0.4057, 0.7269]","[0.3792, 0.7285]","[0.3565, 0.7298]","[0.4486, 0.7582]","[0.4205, 0.7709]","[0.439, 0.7643]","[0.4562, 0.7575]","[0.455, 0.788]","[0.4354, 0.7956]","[0.4472, 0.7887]","[0.4599, 0.7809]"
"[0.5276, 0.7573]","[0.5067, 0.7095]","[0.4745, 0.6897]","[0.447, 0.712]","[0.4277, 0.7471]","[0.446, 0.6919]","[0.4108, 0.693]","[0.3891, 0.6986]","[0.3697, 0.7028]","[0.4439, 0.7252]","[0.405, 0.7258]","[0.3791, 0.7274]","[0.3568, 0.7285]","[0.4485, 0.7568]","[0.42, 0.7685]","[0.4391, 0.762]","[0.4565, 0.7559]","[0.4554, 0.7868]","[0.4353, 0.7944]","[0.4473, 0.7877]","[0.46, 0.7807]"
"[0.5279, 0.7574]","[0.5063, 0.7088]","[0.4749, 0.6887]","[0.448, 0.7118]","[0.4286, 0.7466]","[0.4461, 0.6908]","[0.4107, 0.6922]","[0.3888, 0.6984]","[0.3689, 0.703]","[0.4441, 0.7241]","[0.4053, 0.7246]","[0.379, 0.7267]","[0.3561, 0.7281]","[0.4486, 0.7559]","[0.4208, 0.7687]","[0.4396, 0.7627]","[0.4569, 0.7561]","[0.4552, 0.7859]","[0.4354, 0.7942]","[0.4474, 0.7879]","[0.46, 0.7806]"
"[0.5272, 0.7571]","[0.5058, 0.7087]","[0.4749, 0.6887]","[0.4483, 0.7113]","[0.4287, 0.7461]","[0.4457, 0.6911]","[0.4106, 0.692]","[0.3888, 0.6982]","[0.3692, 0.7029]","[0.4438, 0.7243]","[0.4052, 0.7242]","[0.3791, 0.7262]","[0.3561, 0.7277]","[0.4482, 0.7562]","[0.4212, 0.7691]","[0.441, 0.7629]","[0.4582, 0.7561]","[0.4544, 0.7864]","[0.4358, 0.7942]","[0.4485, 0.7882]","[0.461, 0.7814]"
"[0.5273, 0.7572]","[0.5065, 0.7087]","[0.4754, 0.6879]","[0.4484, 0.7107]","[0.4303, 0.7465]","[0.4457, 0.6912]","[0.4106, 0.692]","[0.3889, 0.698]","[0.3695, 0.7027]","[0.4435, 0.7245]","[0.4051, 0.7246]","[0.379, 0.7265]","[0.3565, 0.7282]","[0.4481, 0.7564]","[0.4212, 0.7688]","[0.4404, 0.7627]","[0.4576, 0.7567]","[0.4548, 0.7864]","[0.4356, 0.794]","[0.448, 0.7877]","[0.4607, 0.7813]"
"[0.5272, 0.7577]","[0.506, 0.7084]","[0.4753, 0.6883]","[0.4488, 0.7098]","[0.4297, 0.7454]","[0.4459, 0.6907]","[0.4111, 0.6912]","[0.3893, 0.697]","[0.3698, 0.7016]","[0.4443, 0.7237]","[0.4058, 0.7237]","[0.3794, 0.7255]","[0.3563, 0.7267]","[0.4488, 0.7555]","[0.4212, 0.7674]","[0.4399, 0.7618]","[0.4571, 0.7559]","[0.4549, 0.7855]","[0.4356, 0.7931]","[0.4477, 0.7874]","[0.4605, 0.7813]"
"[0.5273, 0.7571]","[0.5061, 0.7082]","[0.4751, 0.6885]","[0.4485, 0.7106]","[0.43, 0.7458]","[0.446, 0.6909]","[0.4111, 0.6913]","[0.3893, 0.6971]","[0.37, 0.7015]","[0.444, 0.7239]","[0.4058, 0.7237]","[0.3796, 0.7251]","[0.357, 0.726]","[0.4485, 0.7556]","[0.4211, 0.7679]","[0.4402, 0.7616]","[0.4577, 0.7552]","[0.455, 0.7856]","[0.4355, 0.7929]","[0.4475, 0.7868]","[0.4602, 0.7804]"
"[0.5273, 0.7581]","[0.5068, 0.71]","[0.4761, 0.6893]","[0.4494, 0.7106]","[0.4316, 0.7447]","[0.4462, 0.6918]","[0.411, 0.6915]","[0.3894, 0.6971]","[0.3698, 0.7014]","[0.4436, 0.7248]","[0.4053, 0.7246]","[0.3794, 0.7262]","[0.357, 0.7272]","[0.4478, 0.7561]","[0.4211, 0.7694]","[0.4398, 0.7632]","[0.4573, 0.7565]","[0.4549, 0.7857]","[0.4359, 0.7935]","[0.4477, 0.7872]","[0.4606, 0.7801]"
"[0.5274, 0.7597]","[0.5066, 0.7117]","[0.4757, 0.6918]","[0.4485, 0.7123]","[0.4292, 0.7479]","[0.4457, 0.6923]","[0.4108, 0.693]","[0.3886, 0.699]","[0.3696, 0.7039]","[0.4439, 0.7257]","[0.4054, 0.7255]","[0.3796, 0.7271]","[0.3568, 0.728]","[0.4485, 0.7574]","[0.421, 0.7698]","[0.4402, 0.7624]","[0.4573, 0.7552]","[0.4545, 0.7876]","[0.4359, 0.7947]","[0.4481, 0.788]","[0.4606, 0.7808]"
"[0.5273, 0.7593]","[0.5065, 0.7122]","[0.4751, 0.6919]","[0.4473, 0.7134]","[0.4285, 0.7498]","[0.4464, 0.6922]","[0.4111, 0.6934]","[0.389, 0.7001]","[0.3697, 0.7053]","[0.4442, 0.726]","[0.4052, 0.7264]","[0.3794, 0.7283]","[0.3567, 0.7298]","[0.4486, 0.7582]","[0.4214, 0.7717]","[0.4407, 0.7631]","[0.4574, 0.7552]","[0.4548, 0.7883]","[0.4354, 0.7957]","[0.4476, 0.7879]","[0.4599, 0.7803]"
"[0.5274, 0.7583]","[0.5059, 0.7096]","[0.4746, 0.691]","[0.4474, 0.7135]","[0.4281, 0.7492]","[0.4461, 0.6947]","[0.4112, 0.6948]","[0.3895, 0.7001]","[0.3702, 0.7042]","[0.444, 0.7277]","[0.4056, 0.7275]","[0.3795, 0.7285]","[0.3567, 0.7296]","[0.4485, 0.7591]","[0.4205, 0.7716]","[0.4392, 0.7647]","[0.4564, 0.7588]","[0.4549, 0.7885]","[0.4349, 0.796]","[0.4464, 0.7888]","[0.4591, 0.7818]"
"[0.5275, 0.7594]","[0.5073, 0.7117]","[0.4755, 0.6916]","[0.448, 0.7146]","[0.4291, 0.7491]","[0.4466, 0.6952]","[0.411, 0.6955]","[0.3893, 0.7009]","[0.3697, 0.7053]","[0.444, 0.7284]","[0.4054, 0.7277]","[0.3795, 0.7291]","[0.3569, 0.7305]","[0.4483, 0.76]","[0.421, 0.7713]","[0.4401, 0.765]","[0.4567, 0.7594]","[0.4553, 0.7898]","[0.4358, 0.796]","[0.4478, 0.7886]","[0.46, 0.7822]"
"[0.5284, 0.7601]","[0.5092, 0.7143]","[0.4775, 0.6921]","[0.4488, 0.7134]","[0.43, 0.7474]","[0.4474, 0.6956]","[0.4118, 0.6961]","[0.3901, 0.702]","[0.3703, 0.7066]","[0.4441, 0.7286]","[0.4054, 0.728]","[0.3797, 0.7302]","[0.357, 0.7316]","[0.4482, 0.7598]","[0.4205, 0.7713]","[0.4389, 0.7652]","[0.4564, 0.7593]","[0.4559, 0.7897]","[0.4355, 0.796]","[0.4471, 0.7882]","[0.4603, 0.7811]"
"[0.5273, 0.761]","[0.5073, 0.7153]","[0.4773, 0.6939]","[0.4491, 0.7141]","[0.4284, 0.7495]","[0.4474, 0.6954]","[0.4116, 0.6961]","[0.3895, 0.7024]","[0.3698, 0.7072]","[0.4448, 0.7285]","[0.4056, 0.7281]","[0.3795, 0.731]","[0.3562, 0.7327]","[0.4487, 0.7601]","[0.4207, 0.773]","[0.4391, 0.767]","[0.4565, 0.76]","[0.455, 0.7903]","[0.436, 0.7973]","[0.4474, 0.7912]","[0.46, 0.7844]"
"[0.5259, 0.7622]","[0.5055, 0.7145]","[0.4761, 0.695]","[0.4491, 0.7159]","[0.427, 0.7511]","[0.4458, 0.6955]","[0.4113, 0.6965]","[0.3886, 0.7028]","[0.3696, 0.7079]","[0.4442, 0.7291]","[0.4052, 0.7289]","[0.3794, 0.7315]","[0.3562, 0.7329]","[0.4481, 0.7607]","[0.4207, 0.7736]","[0.4401, 0.7679]","[0.4575, 0.7611]","[0.4529, 0.7907]","[0.435, 0.7985]","[0.4478, 0.7923]","[0.4607, 0.785]"
"[0.5267, 0.762]","[0.5068, 0.7157]","[0.4767, 0.6941]","[0.449, 0.7165]","[0.4287, 0.7522]","[0.4465, 0.6971]","[0.4113, 0.6977]","[0.3896, 0.7042]","[0.37, 0.7087]","[0.4437, 0.7303]","[0.4051, 0.7306]","[0.3791, 0.7332]","[0.3568, 0.7344]","[0.4477, 0.7616]","[0.4205, 0.7761]","[0.4394, 0.7711]","[0.4571, 0.7644]","[0.4541, 0.7913]","[0.4351, 0.7997]","[0.4471, 0.7939]","[0.4602, 0.7866]"
"[0.5264, 0.7614]","[0.5055, 0.7139]","[0.4752, 0.6938]","[0.4479, 0.7174]","[0.4285, 0.7534]","[0.4459, 0.6967]","[0.4107, 0.6978]","[0.3891, 0.7042]","[0.3695, 0.7085]","[0.4433, 0.73]","[0.4048, 0.7307]","[0.3788, 0.7337]","[0.3563, 0.7352]","[0.4474, 0.7613]","[0.4201, 0.7756]","[0.439, 0.7705]","[0.4569, 0.764]","[0.4543, 0.7914]","[0.4349, 0.7992]","[0.4468, 0.793]","[0.4601, 0.7857]"
"[0.5274, 0.7621]","[0.507, 0.7158]","[0.476, 0.6944]","[0.4476, 0.7169]","[0.4281, 0.7536]","[0.4476, 0.6966]","[0.4116, 0.6977]","[0.3897, 0.7042]","[0.3698, 0.7085]","[0.4444, 0.73]","[0.4051, 0.7305]","[0.379, 0.7335]","[0.3564, 0.735]","[0.4482, 0.7613]","[0.4203, 0.7756]","[0.4389, 0.7707]","[0.4568, 0.7643]","[0.4549, 0.7911]","[0.4351, 0.7992]","[0.4466, 0.793]","[0.4596, 0.7856]"
"[0.5277, 0.7614]","[0.5053, 0.7134]","[0.4743, 0.6943]","[0.4472, 0.7164]","[0.4272, 0.7537]","[0.4463, 0.6963]","[0.4112, 0.6978]","[0.389, 0.7039]","[0.3694, 0.7082]","[0.4442, 0.7297]","[0.4051, 0.7301]","[0.3789, 0.7327]","[0.356, 0.7341]","[0.4484, 0.761]","[0.4205, 0.7751]","[0.4401, 0.7701]","[0.4579, 0.7635]","[0.4544, 0.7908]","[0.4352, 0.7992]","[0.4479, 0.7929]","[0.4612, 0.7851]"
"[0.5267, 0.7614]","[0.5043, 0.7126]","[0.4739, 0.6934]","[0.4474, 0.7164]","[0.4279, 0.7522]","[0.4457, 0.6957]","[0.4109, 0.6971]","[0.389, 0.7031]","[0.3694, 0.7072]","[0.444, 0.7288]","[0.4054, 0.7291]","[0.379, 0.7321]","[0.3561, 0.7335]","[0.4484, 0.7603]","[0.4204, 0.7733]","[0.4387, 0.769]","[0.4562, 0.7626]","[0.4543, 0.7903]","[0.4352, 0.7991]","[0.447, 0.7927]","[0.4599, 0.7843]"
"[0.5267, 0.7604]","[0.5055, 0.7128]","[0.4748, 0.6932]","[0.4481, 0.7156]","[0.4288, 0.7518]","[0.4458, 0.6957]","[0.4105, 0.6969]","[0.3885, 0.7027]","[0.369, 0.7065]","[0.444, 0.7289]","[0.4053, 0.7297]","[0.3788, 0.7323]","[0.3561, 0.7334]","[0.4484, 0.7601]","[0.4204, 0.7737]","[0.4389, 0.7692]","[0.4564, 0.7628]","[0.4548, 0.7896]","[0.4358, 0.7987]","[0.4473, 0.7929]","[0.46, 0.7852]"
"[0.5275, 0.7609]","[0.5056, 0.7137]","[0.4747, 0.6937]","[0.4474, 0.7163]","[0.4283, 0.7532]","[0.4473, 0.6951]","[0.4112, 0.6967]","[0.3889, 0.7028]","[0.369, 0.7068]","[0.4451, 0.7286]","[0.4055, 0.7294]","[0.3789, 0.7318]","[0.3559, 0.7334]","[0.4493, 0.7602]","[0.4209, 0.7739]","[0.4398, 0.7689]","[0.4576, 0.7628]","[0.4557, 0.79]","[0.4362, 0.7984]","[0.4482, 0.7923]","[0.4612, 0.7852]"
"[0.5271, 0.7615]","[0.5051, 0.7125]","[0.4749, 0.6935]","[0.4483, 0.7168]","[0.4274, 0.7514]","[0.4461, 0.6952]","[0.411, 0.6967]","[0.3887, 0.7024]","[0.3691, 0.7065]","[0.4445, 0.7287]","[0.4053, 0.7288]","[0.3791, 0.7309]","[0.3562, 0.7324]","[0.4488, 0.7604]","[0.4209, 0.7736]","[0.4408, 0.7674]","[0.4581, 0.7606]","[0.4548, 0.7909]","[0.4357, 0.7985]","[0.4489, 0.7915]","[0.4619, 0.7837]"
"[0.5272, 0.7605]","[0.5056, 0.7115]","[0.4749, 0.6928]","[0.4484, 0.7162]","[0.4274, 0.7497]","[0.4463, 0.6955]","[0.4108, 0.6965]","[0.3886, 0.7023]","[0.369, 0.7068]","[0.4443, 0.7289]","[0.405, 0.7287]","[0.3787, 0.7306]","[0.3561, 0.7322]","[0.4488, 0.7607]","[0.4212, 0.7737]","[0.4406, 0.7668]","[0.4572, 0.7599]","[0.4552, 0.7908]","[0.4357, 0.7981]","[0.4484, 0.7906]","[0.4608, 0.7828]"
"[0.5261, 0.7608]","[0.5056, 0.7129]","[0.4751, 0.6935]","[0.4487, 0.7162]","[0.4273, 0.7515]","[0.4455, 0.6958]","[0.4102, 0.6965]","[0.3879, 0.7017]","[0.3685, 0.706]","[0.4439, 0.7297]","[0.4048, 0.7288]","[0.3785, 0.7305]","[0.3554, 0.7321]","[0.4483, 0.7614]","[0.4216, 0.7738]","[0.441, 0.7673]","[0.4579, 0.7608]","[0.4541, 0.791]","[0.4355, 0.798]","[0.4484, 0.7913]","[0.461, 0.7842]"
"[0.5266, 0.7608]","[0.5056, 0.7133]","[0.4747, 0.6941]","[0.4482, 0.7162]","[0.4271, 0.7511]","[0.4456, 0.6956]","[0.4104, 0.6961]","[0.3881, 0.7014]","[0.3687, 0.7058]","[0.4439, 0.7292]","[0.4046, 0.7286]","[0.3785, 0.7301]","[0.3555, 0.7318]","[0.4484, 0.7608]","[0.4218, 0.774]","[0.4412, 0.7674]","[0.4576, 0.7606]","[0.4544, 0.7904]","[0.4359, 0.7981]","[0.4485, 0.7913]","[0.4607, 0.7838]"
"[0.5267, 0.76]","[0.5058, 0.7125]","[0.475, 0.693]","[0.4484, 0.7152]","[0.4281, 0.7502]","[0.4459, 0.6954]","[0.4104, 0.696]","[0.3883, 0.7018]","[0.3688, 0.7062]","[0.4442, 0.7288]","[0.4048, 0.7283]","[0.3783, 0.73]","[0.3553, 0.7314]","[0.4487, 0.7604]","[0.421, 0.7729]","[0.4393, 0.7666]","[0.4562, 0.7601]","[0.4549, 0.7902]","[0.4354, 0.7975]","[0.447, 0.7907]","[0.4594, 0.7833]"
"[0.5262, 0.7603]","[0.5048, 0.7116]","[0.4744, 0.6937]","[0.4485, 0.716]","[0.4271, 0.75]","[0.4448, 0.694]","[0.4104, 0.6952]","[0.3878, 0.701]","[0.3687, 0.7057]","[0.4439, 0.7272]","[0.4051, 0.7276]","[0.3787, 0.73]","[0.3553, 0.7317]","[0.4483, 0.7588]","[0.4213, 0.7714]","[0.4402, 0.7656]","[0.4565, 0.7589]","[0.4533, 0.7889]","[0.4353, 0.7977]","[0.4476, 0.791]","[0.4598, 0.7834]"
"[0.5272, 0.7597]","[0.5059, 0.7108]","[0.4748, 0.6925]","[0.4484, 0.7149]","[0.4277, 0.7478]","[0.4453, 0.6935]","[0.4103, 0.6949]","[0.388, 0.7009]","[0.3688, 0.7052]","[0.444, 0.7271]","[0.4052, 0.7281]","[0.3788, 0.7305]","[0.3559, 0.7316]","[0.4487, 0.7588]","[0.4216, 0.7716]","[0.4398, 0.7655]","[0.4564, 0.7585]","[0.4548, 0.7887]","[0.4354, 0.7975]","[0.4472, 0.7906]","[0.4598, 0.7824]"
"[0.5262, 0.76]","[0.5044, 0.7115]","[0.4743, 0.6936]","[0.4483, 0.7144]","[0.426, 0.7472]","[0.4445, 0.6931]","[0.4101, 0.695]","[0.3872, 0.7008]","[0.3683, 0.7055]","[0.4441, 0.7268]","[0.4053, 0.7279]","[0.3789, 0.7302]","[0.3553, 0.7315]","[0.4488, 0.7586]","[0.4223, 0.7709]","[0.4411, 0.7647]","[0.4575, 0.758]","[0.4539, 0.7887]","[0.4359, 0.797]","[0.4485, 0.7904]","[0.4607, 0.7829]"
"[0.5259, 0.7607]","[0.5043, 0.7121]","[0.4742, 0.6946]","[0.4486, 0.7153]","[0.4265, 0.7481]","[0.4439, 0.6933]","[0.4102, 0.6953]","[0.3873, 0.7015]","[0.3685, 0.7066]","[0.4435, 0.7267]","[0.4051, 0.7274]","[0.3789, 0.73]","[0.3553, 0.7311]","[0.4479, 0.7585]","[0.4218, 0.7713]","[0.4413, 0.766]","[0.4575, 0.7591]","[0.4527, 0.7887]","[0.4354, 0.7974]","[0.4485, 0.7915]","[0.4606, 0.7842]"
"[0.5265, 0.7609]","[0.5044, 0.7125]","[0.4743, 0.6946]","[0.4487, 0.7149]","[0.4268, 0.7484]","[0.4449, 0.6936]","[0.4107, 0.6953]","[0.3876, 0.7016]","[0.3687, 0.7063]","[0.4443, 0.7267]","[0.4054, 0.7274]","[0.3791, 0.7305]","[0.3554, 0.7315]","[0.4485, 0.758]","[0.4216, 0.7717]","[0.4407, 0.7669]","[0.457, 0.7597]","[0.4529, 0.788]","[0.4352, 0.7977]","[0.4475, 0.7918]","[0.4596, 0.7838]"
"[0.5257, 0.7606]","[0.503, 0.7111]","[0.4732, 0.6932]","[0.448, 0.7152]","[0.4266, 0.7486]","[0.4445, 0.6938]","[0.4104, 0.6955]","[0.3874, 0.7015]","[0.3685, 0.7062]","[0.4439, 0.7272]","[0.405, 0.728]","[0.3789, 0.7304]","[0.3555, 0.7314]","[0.4481, 0.7587]","[0.4221, 0.7718]","[0.4414, 0.7662]","[0.4573, 0.7587]","[0.4527, 0.7886]","[0.4356, 0.7974]","[0.4484, 0.7911]","[0.4602, 0.7832]"
"[0.5261, 0.7598]","[0.5037, 0.7109]","[0.4735, 0.6944]","[0.4487, 0.7149]","[0.4268, 0.7477]","[0.4444, 0.6938]","[0.4101, 0.6952]","[0.387, 0.7013]","[0.3683, 0.7061]","[0.4441, 0.7267]","[0.4054, 0.7271]","[0.379, 0.73]","[0.3554, 0.7312]","[0.4485, 0.758]","[0.4217, 0.7718]","[0.4411, 0.7672]","[0.4579, 0.7601]","[0.4528, 0.7875]","[0.4357, 0.7974]","[0.4483, 0.7918]","[0.4608, 0.7839]"
"[0.5258, 0.7605]","[0.5047, 0.7126]","[0.4745, 0.6952]","[0.4495, 0.7173]","[0.4288, 0.7523]","[0.4441, 0.6946]","[0.4097, 0.6956]","[0.387, 0.701]","[0.3682, 0.7052]","[0.4437, 0.7276]","[0.4054, 0.7277]","[0.3787, 0.7304]","[0.3554, 0.7317]","[0.4482, 0.7591]","[0.4218, 0.7727]","[0.4407, 0.7687]","[0.4576, 0.7619]","[0.4528, 0.7884]","[0.4354, 0.7978]","[0.4481, 0.7923]","[0.4609, 0.7845]"
"[0.5264, 0.7605]","[0.5046, 0.7119]","[0.4739, 0.6946]","[0.4489, 0.7175]","[0.4284, 0.7525]","[0.4443, 0.6942]","[0.4099, 0.6957]","[0.3872, 0.7013]","[0.3684, 0.7055]","[0.4439, 0.7274]","[0.4053, 0.7279]","[0.3786, 0.7308]","[0.3556, 0.7324]","[0.4484, 0.7589]","[0.4213, 0.7727]","[0.4398, 0.7689]","[0.4564, 0.7625]","[0.4533, 0.7884]","[0.4352, 0.798]","[0.4475, 0.7926]","[0.46, 0.7851]"
"[0.5266, 0.7611]","[0.5038, 0.7118]","[0.4733, 0.6951]","[0.4484, 0.7171]","[0.4276, 0.7522]","[0.4441, 0.6943]","[0.4098, 0.6958]","[0.3867, 0.701]","[0.3682, 0.7054]","[0.4441, 0.7277]","[0.4054, 0.7283]","[0.3787, 0.7307]","[0.3554, 0.732]","[0.4488, 0.7594]","[0.4214, 0.7722]","[0.4398, 0.7674]","[0.4563, 0.7613]","[0.4534, 0.7892]","[0.4353, 0.7978]","[0.4475, 0.7915]","[0.4601, 0.7841]"
"[0.528, 0.7611]","[0.5056, 0.7121]","[0.4743, 0.6933]","[0.4476, 0.7152]","[0.4281, 0.7508]","[0.4459, 0.6957]","[0.411, 0.6964]","[0.3886, 0.7019]","[0.3692, 0.706]","[0.4444, 0.7285]","[0.4057, 0.7294]","[0.379, 0.7313]","[0.3564, 0.7326]","[0.4491, 0.7598]","[0.421, 0.7734]","[0.4394, 0.768]","[0.4568, 0.7616]","[0.455, 0.7896]","[0.4355, 0.7981]","[0.4472, 0.7914]","[0.46, 0.7829]"
"[0.528, 0.7604]","[0.5065, 0.7127]","[0.4746, 0.6936]","[0.4476, 0.7154]","[0.4287, 0.7502]","[0.4464, 0.6958]","[0.411, 0.6968]","[0.3889, 0.7027]","[0.3692, 0.7068]","[0.4443, 0.7285]","[0.4055, 0.7291]","[0.3793, 0.7316]","[0.3568, 0.7331]","[0.4489, 0.7596]","[0.4201, 0.7741]","[0.439, 0.7683]","[0.457, 0.7608]","[0.456, 0.789]","[0.4358, 0.7982]","[0.4474, 0.7914]","[0.4604, 0.7826]"
"[0.5262, 0.7607]","[0.5034, 0.7112]","[0.4728, 0.6943]","[0.4476, 0.7163]","[0.4281, 0.7498]","[0.4447, 0.6954]","[0.4102, 0.6967]","[0.388, 0.7023]","[0.3685, 0.7065]","[0.444, 0.7282]","[0.4055, 0.7289]","[0.3787, 0.7316]","[0.3557, 0.7331]","[0.4487, 0.7597]","[0.4209, 0.7737]","[0.4396, 0.769]","[0.457, 0.762]","[0.4545, 0.7894]","[0.4359, 0.7987]","[0.4478, 0.7927]","[0.4604, 0.7843]"
"[0.5257, 0.7599]","[0.5035, 0.7112]","[0.4731, 0.6945]","[0.4483, 0.7165]","[0.4293, 0.7511]","[0.4443, 0.6956]","[0.4096, 0.6969]","[0.3875, 0.7026]","[0.3683, 0.7067]","[0.4439, 0.7285]","[0.4056, 0.7294]","[0.3788, 0.7322]","[0.3558, 0.7332]","[0.4486, 0.7601]","[0.4211, 0.7732]","[0.4392, 0.7691]","[0.4566, 0.7622]","[0.4542, 0.7895]","[0.4357, 0.7985]","[0.447, 0.7932]","[0.4595, 0.7855]"
"[0.5262, 0.7604]","[0.505, 0.7124]","[0.4741, 0.6944]","[0.4485, 0.716]","[0.4291, 0.7511]","[0.4452, 0.6953]","[0.41, 0.6969]","[0.3877, 0.703]","[0.3684, 0.7074]","[0.4442, 0.7286]","[0.4055, 0.7295]","[0.3787, 0.7321]","[0.3558, 0.7336]","[0.4489, 0.7603]","[0.4214, 0.7738]","[0.4401, 0.7695]","[0.4575, 0.7632]","[0.4546, 0.7897]","[0.436, 0.7987]","[0.4479, 0.7935]","[0.4604, 0.7865]"
"[0.5262, 0.7604]","[0.5047, 0.7118]","[0.4739, 0.6948]","[0.4484, 0.7163]","[0.4283, 0.7504]","[0.4452, 0.6959]","[0.4101, 0.697]","[0.3877, 0.7027]","[0.3683, 0.7069]","[0.4444, 0.7288]","[0.4057, 0.7295]","[0.3787, 0.7319]","[0.3557, 0.7333]","[0.449, 0.7603]","[0.4212, 0.7738]","[0.4393, 0.7691]","[0.4567, 0.7627]","[0.4545, 0.7897]","[0.4357, 0.7986]","[0.4473, 0.7931]","[0.4599, 0.7858]"
"[0.5272, 0.7612]","[0.5067, 0.7134]","[0.4758, 0.6948]","[0.4494, 0.7162]","[0.4295, 0.7506]","[0.4453, 0.6954]","[0.4101, 0.6971]","[0.3878, 0.7031]","[0.3684, 0.7074]","[0.4439, 0.7283]","[0.4054, 0.7295]","[0.3786, 0.7325]","[0.3558, 0.734]","[0.4486, 0.7596]","[0.4211, 0.774]","[0.4393, 0.7697]","[0.4568, 0.763]","[0.4545, 0.7889]","[0.4355, 0.7987]","[0.4471, 0.7932]","[0.46, 0.785]"
"[0.527, 0.7607]","[0.506, 0.7138]","[0.4751, 0.695]","[0.4487, 0.7169]","[0.4293, 0.7519]","[0.4459, 0.6962]","[0.4102, 0.6973]","[0.388, 0.7035]","[0.3687, 0.7081]","[0.4444, 0.7291]","[0.4052, 0.7297]","[0.3787, 0.7323]","[0.3558, 0.7337]","[0.4489, 0.7602]","[0.4217, 0.7751]","[0.4404, 0.7695]","[0.4574, 0.7621]","[0.4549, 0.7895]","[0.4361, 0.7995]","[0.4478, 0.7938]","[0.4601, 0.7862]"
"[0.5281, 0.7611]","[0.5074, 0.715]","[0.4762, 0.6945]","[0.4482, 0.7164]","[0.4294, 0.7518]","[0.4475, 0.6975]","[0.4108, 0.6979]","[0.3886, 0.7045]","[0.3688, 0.7092]","[0.4448, 0.7306]","[0.4053, 0.7303]","[0.3789, 0.7334]","[0.3561, 0.7351]","[0.449, 0.7615]","[0.4213, 0.777]","[0.44, 0.7716]","[0.4579, 0.7643]","[0.4558, 0.7908]","[0.4361, 0.8003]","[0.4476, 0.7948]","[0.4606, 0.7875]"
"[0.5258, 0.7626]","[0.5039, 0.7134]","[0.4732, 0.6954]","[0.4476, 0.7194]","[0.4258, 0.7575]","[0.4443, 0.6965]","[0.4094, 0.6985]","[0.3863, 0.7046]","[0.3676, 0.7096]","[0.444, 0.7305]","[0.4047, 0.7313]","[0.3782, 0.7338]","[0.3547, 0.7358]","[0.4486, 0.7623]","[0.4211, 0.7755]","[0.4403, 0.7683]","[0.4572, 0.7616]","[0.4535, 0.7923]","[0.4357, 0.7998]","[0.4488, 0.7925]","[0.4616, 0.7851]"
"[0.5254, 0.7611]","[0.5029, 0.7118]","[0.4726, 0.6955]","[0.4479, 0.7191]","[0.4269, 0.7548]","[0.4433, 0.6957]","[0.4091, 0.6978]","[0.386, 0.7038]","[0.3677, 0.7087]","[0.4435, 0.7296]","[0.4046, 0.7305]","[0.3784, 0.7331]","[0.355, 0.7346]","[0.4484, 0.7614]","[0.4206, 0.7751]","[0.4394, 0.7691]","[0.456, 0.7627]","[0.4535, 0.7914]","[0.4353, 0.8001]","[0.4479, 0.7933]","[0.4605, 0.7862]"
"[0.527, 0.7603]","[0.5059, 0.7137]","[0.4742, 0.6949]","[0.448, 0.7188]","[0.4276, 0.7529]","[0.4453, 0.6953]","[0.4102, 0.6973]","[0.388, 0.7041]","[0.3688, 0.7088]","[0.4439, 0.7289]","[0.4049, 0.7296]","[0.3783, 0.7326]","[0.3559, 0.7346]","[0.4488, 0.7606]","[0.4214, 0.7758]","[0.4405, 0.7715]","[0.4576, 0.7649]","[0.4551, 0.7903]","[0.4356, 0.7996]","[0.448, 0.7946]","[0.4605, 0.7876]"
"[0.5269, 0.7604]","[0.5064, 0.7144]","[0.4749, 0.6945]","[0.4479, 0.7185]","[0.4277, 0.7519]","[0.4463, 0.695]","[0.4108, 0.6967]","[0.3885, 0.7037]","[0.369, 0.7089]","[0.4443, 0.7289]","[0.4046, 0.7292]","[0.3783, 0.7322]","[0.3559, 0.7342]","[0.4489, 0.7608]","[0.4218, 0.7747]","[0.4408, 0.7694]","[0.4575, 0.7631]","[0.4559, 0.7908]","[0.4359, 0.7989]","[0.4482, 0.7928]","[0.4606, 0.7859]"
"[0.5264, 0.7614]","[0.5063, 0.7143]","[0.4754, 0.6946]","[0.4486, 0.7182]","[0.4279, 0.7525]","[0.4457, 0.6953]","[0.41, 0.6964]","[0.3878, 0.7033]","[0.3683, 0.7084]","[0.444, 0.7292]","[0.4048, 0.7293]","[0.3785, 0.7317]","[0.3557, 0.7336]","[0.4486, 0.7613]","[0.4212, 0.7752]","[0.4405, 0.7686]","[0.4573, 0.7618]","[0.4549, 0.7914]","[0.4352, 0.799]","[0.4475, 0.7926]","[0.4597, 0.7859]"
"[0.527, 0.7613]","[0.5058, 0.7133]","[0.4745, 0.6938]","[0.448, 0.718]","[0.428, 0.7508]","[0.4461, 0.6957]","[0.4106, 0.6967]","[0.3886, 0.7033]","[0.3689, 0.7082]","[0.444, 0.7292]","[0.4049, 0.7294]","[0.3787, 0.732]","[0.3561, 0.7339]","[0.4486, 0.7607]","[0.4211, 0.7748]","[0.4402, 0.769]","[0.4571, 0.7623]","[0.4557, 0.7907]","[0.4358, 0.799]","[0.4479, 0.7926]","[0.4601, 0.7856]"
"[0.5267, 0.7613]","[0.5049, 0.7128]","[0.4739, 0.6938]","[0.4478, 0.7177]","[0.4285, 0.7519]","[0.4459, 0.6955]","[0.4105, 0.6964]","[0.3883, 0.703]","[0.3687, 0.7078]","[0.4442, 0.7288]","[0.4049, 0.7293]","[0.3786, 0.7318]","[0.3559, 0.7333]","[0.4488, 0.7605]","[0.421, 0.7741]","[0.4405, 0.7681]","[0.4575, 0.7613]","[0.4556, 0.7906]","[0.4358, 0.7988]","[0.4481, 0.7922]","[0.4606, 0.7852]"
"[0.5259, 0.7613]","[0.5041, 0.712]","[0.4733, 0.6935]","[0.4476, 0.7177]","[0.4275, 0.7534]","[0.445, 0.6962]","[0.41, 0.6975]","[0.3878, 0.7035]","[0.3683, 0.7082]","[0.4436, 0.7298]","[0.4045, 0.7303]","[0.3782, 0.7319]","[0.3555, 0.7336]","[0.4482, 0.7617]","[0.4214, 0.775]","[0.4419, 0.7678]","[0.4588, 0.761]","[0.4545, 0.7917]","[0.4358, 0.7989]","[0.4492, 0.7919]","[0.4618, 0.7852]"
"[0.5257, 0.761]","[0.5038, 0.7128]","[0.4733, 0.6954]","[0.448, 0.7187]","[0.4275, 0.754]","[0.4448, 0.6964]","[0.4094, 0.697]","[0.387, 0.7028]","[0.3676, 0.7073]","[0.4439, 0.7295]","[0.4048, 0.7298]","[0.3782, 0.7322]","[0.3552, 0.7343]","[0.4484, 0.7612]","[0.4217, 0.7748]","[0.4416, 0.7689]","[0.4584, 0.7623]","[0.454, 0.7909]","[0.4356, 0.7987]","[0.4489, 0.7924]","[0.4617, 0.7853]"
"[0.5271, 0.7587]","[0.5058, 0.7131]","[0.4745, 0.6936]","[0.4472, 0.7176]","[0.428, 0.7528]","[0.4463, 0.6949]","[0.4104, 0.6964]","[0.3883, 0.7027]","[0.3685, 0.7072]","[0.444, 0.7281]","[0.4045, 0.7292]","[0.3784, 0.7322]","[0.3559, 0.7343]","[0.4487, 0.7596]","[0.4204, 0.7748]","[0.4392, 0.7692]","[0.4564, 0.7625]","[0.456, 0.7894]","[0.4361, 0.7986]","[0.4481, 0.7921]","[0.4606, 0.7843]"
"[0.5258, 0.761]","[0.5049, 0.7149]","[0.4751, 0.6962]","[0.4491, 0.717]","[0.4275, 0.7511]","[0.445, 0.6953]","[0.4096, 0.6967]","[0.3867, 0.7026]","[0.3673, 0.7076]","[0.4441, 0.729]","[0.4047, 0.7285]","[0.378, 0.7309]","[0.3544, 0.7327]","[0.4486, 0.7608]","[0.422, 0.7735]","[0.4411, 0.7674]","[0.4575, 0.7604]","[0.4536, 0.7907]","[0.436, 0.7986]","[0.4485, 0.7922]","[0.4605, 0.7843]"
"[0.5269, 0.7597]","[0.5069, 0.7139]","[0.4755, 0.6933]","[0.4482, 0.7168]","[0.4286, 0.7519]","[0.446, 0.6963]","[0.4101, 0.6973]","[0.3881, 0.7033]","[0.3683, 0.7079]","[0.4436, 0.7297]","[0.4042, 0.73]","[0.3781, 0.7321]","[0.3556, 0.7337]","[0.4482, 0.761]","[0.4213, 0.7754]","[0.4405, 0.769]","[0.4573, 0.7621]","[0.4554, 0.7909]","[0.4363, 0.799]","[0.4487, 0.7918]","[0.4609, 0.784]"
"[0.5267, 0.7613]","[0.5061, 0.7127]","[0.4763, 0.6948]","[0.4499, 0.7155]","[0.4285, 0.749]","[0.445, 0.694]","[0.41, 0.6968]","[0.3872, 0.7031]","[0.3679, 0.7082]","[0.4439, 0.7282]","[0.4049, 0.7292]","[0.3785, 0.7319]","[0.3547, 0.7336]","[0.4485, 0.7606]","[0.4214, 0.7741]","[0.4404, 0.7677]","[0.4574, 0.7606]","[0.4542, 0.7909]","[0.4359, 0.7991]","[0.4487, 0.7924]","[0.4615, 0.7845]"
"[0.5275, 0.7591]","[0.5067, 0.7111]","[0.4759, 0.6922]","[0.4491, 0.7154]","[0.4289, 0.7496]","[0.4455, 0.6946]","[0.4102, 0.6966]","[0.388, 0.7031]","[0.3685, 0.7079]","[0.4437, 0.7282]","[0.4049, 0.7292]","[0.3788, 0.7316]","[0.356, 0.7332]","[0.4485, 0.76]","[0.4216, 0.7743]","[0.4411, 0.7679]","[0.4582, 0.7607]","[0.4551, 0.7902]","[0.4361, 0.7986]","[0.4491, 0.7914]","[0.462, 0.7827]"
"[0.5255, 0.7606]","[0.5046, 0.7127]","[0.475, 0.6938]","[0.4495, 0.7158]","[0.4289, 0.7519]","[0.4443, 0.6947]","[0.4096, 0.6965]","[0.3868, 0.7023]","[0.3677, 0.7069]","[0.4436, 0.7285]","[0.4047, 0.7287]","[0.3784, 0.7314]","[0.3549, 0.7329]","[0.4481, 0.7604]","[0.4219, 0.7735]","[0.4415, 0.7675]","[0.4582, 0.7602]","[0.4531, 0.7904]","[0.4357, 0.798]","[0.4487, 0.7916]","[0.4612, 0.7843]"
"[0.5252, 0.7609]","[0.5042, 0.7121]","[0.4741, 0.6946]","[0.4492, 0.7167]","[0.4282, 0.7527]","[0.4437, 0.6955]","[0.4098, 0.6969]","[0.387, 0.7024]","[0.3683, 0.7067]","[0.4433, 0.7297]","[0.4049, 0.7294]","[0.3783, 0.7317]","[0.3546, 0.7327]","[0.4477, 0.7616]","[0.422, 0.7742]","[0.4415, 0.7685]","[0.4582, 0.7611]","[0.4524, 0.791]","[0.436, 0.7991]","[0.449, 0.7931]","[0.4614, 0.7854]"
"[0.5265, 0.7611]","[0.5057, 0.7142]","[0.4755, 0.6961]","[0.4493, 0.7165]","[0.4292, 0.7518]","[0.4457, 0.6955]","[0.4106, 0.697]","[0.388, 0.7026]","[0.3688, 0.707]","[0.4443, 0.729]","[0.4054, 0.7299]","[0.3788, 0.7323]","[0.3555, 0.7338]","[0.4488, 0.7609]","[0.4218, 0.7747]","[0.4406, 0.7687]","[0.4574, 0.7617]","[0.4541, 0.7907]","[0.4359, 0.7993]","[0.448, 0.7935]","[0.4602, 0.7861]"
"[0.526, 0.7605]","[0.5042, 0.7114]","[0.4735, 0.6941]","[0.448, 0.7174]","[0.4286, 0.7521]","[0.4449, 0.6957]","[0.41, 0.6975]","[0.3876, 0.7033]","[0.3684, 0.7078]","[0.444, 0.7293]","[0.4054, 0.7299]","[0.3785, 0.7322]","[0.3554, 0.7336]","[0.4486, 0.7611]","[0.4209, 0.7741]","[0.4387, 0.7683]","[0.4556, 0.7613]","[0.4543, 0.7909]","[0.4353, 0.7992]","[0.4466, 0.7929]","[0.4588, 0.7852]"
"[0.5258, 0.7613]","[0.5044, 0.7134]","[0.4738, 0.6943]","[0.4476, 0.7181]","[0.429, 0.7554]","[0.4459, 0.6972]","[0.4107, 0.6981]","[0.3885, 0.7038]","[0.3689, 0.708]","[0.4442, 0.7306]","[0.4055, 0.7309]","[0.3786, 0.7331]","[0.3556, 0.7345]","[0.4484, 0.762]","[0.4218, 0.7753]","[0.4401, 0.7698]","[0.457, 0.7631]","[0.4542, 0.7914]","[0.436, 0.7992]","[0.4475, 0.7929]","[0.4596, 0.7857]"
"[0.5259, 0.7615]","[0.5042, 0.7133]","[0.4737, 0.694]","[0.4477, 0.717]","[0.4293, 0.7534]","[0.4456, 0.6972]","[0.4102, 0.698]","[0.3881, 0.704]","[0.3685, 0.7081]","[0.444, 0.7301]","[0.4053, 0.7308]","[0.3785, 0.733]","[0.3556, 0.7342]","[0.4482, 0.7614]","[0.4212, 0.7749]","[0.4403, 0.7702]","[0.4578, 0.7636]","[0.4542, 0.7909]","[0.4358, 0.7987]","[0.4478, 0.7933]","[0.4601, 0.7866]"
"[0.5262, 0.7607]","[0.505, 0.713]","[0.4741, 0.6938]","[0.4477, 0.7171]","[0.4285, 0.7528]","[0.4452, 0.6967]","[0.4099, 0.6978]","[0.3878, 0.7038]","[0.3683, 0.7081]","[0.4433, 0.73]","[0.4047, 0.7307]","[0.3785, 0.7329]","[0.356, 0.7341]","[0.4479, 0.7615]","[0.4205, 0.775]","[0.4403, 0.7693]","[0.4578, 0.7627]","[0.4545, 0.7913]","[0.4356, 0.7985]","[0.4482, 0.7923]","[0.461, 0.7854]"
"[0.5268, 0.7605]","[0.5071, 0.7146]","[0.4755, 0.6938]","[0.4479, 0.7168]","[0.4309, 0.7529]","[0.4465, 0.6982]","[0.41, 0.6984]","[0.3882, 0.7043]","[0.3685, 0.7089]","[0.4438, 0.7314]","[0.4046, 0.7316]","[0.3787, 0.7336]","[0.3566, 0.7352]","[0.4482, 0.7624]","[0.4205, 0.7763]","[0.4397, 0.7702]","[0.4577, 0.7642]","[0.4564, 0.792]","[0.4359, 0.7989]","[0.4478, 0.7924]","[0.4612, 0.7865]"
"[0.528, 0.7618]","[0.5076, 0.7155]","[0.476, 0.694]","[0.4483, 0.7169]","[0.4308, 0.7531]","[0.4469, 0.698]","[0.4103, 0.6987]","[0.3884, 0.7049]","[0.3685, 0.7095]","[0.4442, 0.7314]","[0.405, 0.7313]","[0.3789, 0.7338]","[0.3563, 0.7355]","[0.4485, 0.7623]","[0.421, 0.7765]","[0.4396, 0.7702]","[0.4575, 0.763]","[0.4559, 0.7921]","[0.4359, 0.7997]","[0.4474, 0.7927]","[0.4605, 0.785]"
"[0.5278, 0.7622]","[0.5057, 0.715]","[0.4745, 0.6958]","[0.4478, 0.7193]","[0.429, 0.756]","[0.4463, 0.6975]","[0.4103, 0.6985]","[0.3881, 0.7047]","[0.3679, 0.7094]","[0.4444, 0.7305]","[0.4054, 0.7308]","[0.3787, 0.7335]","[0.3556, 0.7351]","[0.4485, 0.7621]","[0.4209, 0.7759]","[0.4401, 0.7705]","[0.4575, 0.7634]","[0.4544, 0.7921]","[0.4355, 0.7999]","[0.4478, 0.7935]","[0.4608, 0.7858]"
"[0.5264, 0.7626]","[0.5037, 0.715]","[0.4729, 0.6991]","[0.4481, 0.7211]","[0.4273, 0.7563]","[0.4448, 0.6973]","[0.4097, 0.6986]","[0.3868, 0.7041]","[0.3677, 0.7087]","[0.4448, 0.7306]","[0.4055, 0.7313]","[0.3788, 0.7341]","[0.3548, 0.7359]","[0.4492, 0.7625]","[0.4218, 0.7757]","[0.4408, 0.7693]","[0.4574, 0.762]","[0.4538, 0.7921]","[0.436, 0.8006]","[0.4484, 0.7942]","[0.4607, 0.7872]"
"[0.5272, 0.7627]","[0.5059, 0.7163]","[0.475, 0.6971]","[0.4485, 0.7193]","[0.4289, 0.756]","[0.4463, 0.698]","[0.4111, 0.6991]","[0.3886, 0.7053]","[0.3691, 0.7096]","[0.4446, 0.731]","[0.4052, 0.7326]","[0.3789, 0.7356]","[0.356, 0.7374]","[0.449, 0.7625]","[0.4215, 0.7764]","[0.4405, 0.7704]","[0.4575, 0.7635]","[0.4548, 0.7922]","[0.4358, 0.8011]","[0.4481, 0.7942]","[0.4608, 0.7863]"
"[0.5272, 0.7614]","[0.5059, 0.714]","[0.4747, 0.6955]","[0.4485, 0.7198]","[0.43, 0.7563]","[0.4463, 0.6983]","[0.4111, 0.699]","[0.3889, 0.7049]","[0.3692, 0.709]","[0.4445, 0.7314]","[0.4054, 0.7323]","[0.3789, 0.7352]","[0.3559, 0.7367]","[0.4488, 0.7628]","[0.421, 0.7768]","[0.4393, 0.7707]","[0.4567, 0.7631]","[0.455, 0.7923]","[0.4355, 0.801]","[0.447, 0.7939]","[0.4598, 0.7857]"
"[0.5276, 0.7621]","[0.5061, 0.7145]","[0.4747, 0.6944]","[0.448, 0.7183]","[0.4301, 0.7559]","[0.4466, 0.6979]","[0.4107, 0.699]","[0.3886, 0.7049]","[0.3688, 0.7091]","[0.4446, 0.7312]","[0.4052, 0.7325]","[0.3786, 0.735]","[0.3559, 0.7363]","[0.4489, 0.7627]","[0.4209, 0.7769]","[0.4398, 0.7708]","[0.4575, 0.7636]","[0.4551, 0.7924]","[0.4354, 0.8008]","[0.4474, 0.7941]","[0.4603, 0.7865]"
"[0.5281, 0.7627]","[0.5078, 0.7154]","[0.4758, 0.6947]","[0.4482, 0.7179]","[0.4305, 0.7556]","[0.4474, 0.6984]","[0.4109, 0.6993]","[0.3887, 0.7054]","[0.3688, 0.7097]","[0.4448, 0.7317]","[0.4053, 0.7325]","[0.3789, 0.7348]","[0.3561, 0.736]","[0.449, 0.7631]","[0.4205, 0.7768]","[0.4394, 0.771]","[0.4576, 0.7646]","[0.4557, 0.7926]","[0.4357, 0.8006]","[0.4474, 0.7943]","[0.4607, 0.7878]"
"[0.5274, 0.763]","[0.5064, 0.7154]","[0.4749, 0.6955]","[0.4479, 0.7175]","[0.4283, 0.7546]","[0.4464, 0.6988]","[0.4105, 0.6999]","[0.3881, 0.7056]","[0.3684, 0.7098]","[0.4446, 0.7319]","[0.405, 0.7324]","[0.3788, 0.7346]","[0.3556, 0.7358]","[0.4489, 0.7633]","[0.4208, 0.7764]","[0.4402, 0.7698]","[0.458, 0.7629]","[0.455, 0.7929]","[0.4361, 0.8002]","[0.4486, 0.7935]","[0.4617, 0.7865]"
"[0.527, 0.7637]","[0.5054, 0.7147]","[0.4745, 0.6967]","[0.4484, 0.719]","[0.4271, 0.7548]","[0.446, 0.6977]","[0.4103, 0.6995]","[0.3874, 0.705]","[0.3679, 0.7089]","[0.4448, 0.7312]","[0.4056, 0.7315]","[0.3786, 0.7343]","[0.355, 0.7354]","[0.4489, 0.7628]","[0.4211, 0.776]","[0.4399, 0.7711]","[0.4575, 0.764]","[0.4539, 0.7923]","[0.4357, 0.8007]","[0.4481, 0.7949]","[0.4612, 0.787]"
"[0.528, 0.7633]","[0.5061, 0.7152]","[0.4749, 0.6965]","[0.4482, 0.7182]","[0.4284, 0.7539]","[0.4467, 0.6983]","[0.4111, 0.6998]","[0.3885, 0.706]","[0.3687, 0.7101]","[0.4449, 0.7314]","[0.4059, 0.7322]","[0.3792, 0.735]","[0.3558, 0.736]","[0.4492, 0.7628]","[0.4212, 0.7768]","[0.44, 0.7712]","[0.4578, 0.7638]","[0.4552, 0.7924]","[0.4358, 0.8013]","[0.4478, 0.7947]","[0.4611, 0.7863]"
"[0.5274, 0.7636]","[0.5051, 0.7148]","[0.4745, 0.6968]","[0.4485, 0.7192]","[0.4281, 0.7542]","[0.4457, 0.6978]","[0.4105, 0.6996]","[0.3878, 0.7052]","[0.3683, 0.7094]","[0.4447, 0.7313]","[0.4059, 0.7321]","[0.3791, 0.7346]","[0.3555, 0.7359]","[0.449, 0.7632]","[0.4215, 0.7763]","[0.4403, 0.7705]","[0.4577, 0.7631]","[0.4542, 0.7931]","[0.4359, 0.8017]","[0.4483, 0.7949]","[0.4614, 0.7865]"
"[0.5272, 0.7628]","[0.5055, 0.716]","[0.4746, 0.6979]","[0.4484, 0.7195]","[0.4275, 0.7529]","[0.4461, 0.6979]","[0.4108, 0.6995]","[0.3883, 0.7052]","[0.3687, 0.7091]","[0.4448, 0.7311]","[0.4057, 0.7324]","[0.3792, 0.7352]","[0.3558, 0.7364]","[0.4492, 0.7627]","[0.4213, 0.777]","[0.4401, 0.7712]","[0.4576, 0.7637]","[0.4552, 0.7923]","[0.4365, 0.8018]","[0.4486, 0.7955]","[0.4614, 0.7872]"
"[0.5265, 0.7627]","[0.5052, 0.7168]","[0.4751, 0.6982]","[0.4486, 0.7195]","[0.4272, 0.753]","[0.4456, 0.6982]","[0.4106, 0.6998]","[0.3881, 0.7055]","[0.3686, 0.7096]","[0.4441, 0.7317]","[0.405, 0.7326]","[0.3789, 0.7353]","[0.3559, 0.7367]","[0.4485, 0.7635]","[0.4215, 0.777]","[0.4406, 0.7713]","[0.4577, 0.7643]","[0.4544, 0.7933]","[0.4361, 0.802]","[0.4488, 0.7955]","[0.4614, 0.7875]"
"[0.5267, 0.7625]","[0.5052, 0.7168]","[0.4743, 0.6986]","[0.4479, 0.7201]","[0.427, 0.7527]","[0.4452, 0.6985]","[0.4102, 0.7001]","[0.3877, 0.7059]","[0.3682, 0.7101]","[0.4439, 0.7317]","[0.405, 0.7325]","[0.3788, 0.7353]","[0.3556, 0.7368]","[0.4485, 0.7634]","[0.4211, 0.7775]","[0.4401, 0.7718]","[0.4572, 0.7645]","[0.4545, 0.7931]","[0.4359, 0.8023]","[0.4485, 0.7957]","[0.4611, 0.7873]"
"[0.5276, 0.7623]","[0.5064, 0.7164]","[0.475, 0.6974]","[0.448, 0.7209]","[0.4276, 0.7532]","[0.446, 0.699]","[0.4108, 0.7003]","[0.3886, 0.7063]","[0.369, 0.7109]","[0.4436, 0.732]","[0.4041, 0.7324]","[0.3783, 0.7354]","[0.356, 0.7374]","[0.4482, 0.7632]","[0.421, 0.7778]","[0.4405, 0.7725]","[0.4573, 0.7656]","[0.4555, 0.7931]","[0.4359, 0.8021]","[0.4484, 0.7953]","[0.4606, 0.7874]"
"[0.527, 0.7629]","[0.5059, 0.7162]","[0.4745, 0.6968]","[0.4474, 0.7212]","[0.4284, 0.7569]","[0.4466, 0.6993]","[0.4114, 0.6999]","[0.3894, 0.7066]","[0.3694, 0.7118]","[0.444, 0.7325]","[0.4046, 0.7322]","[0.3787, 0.735]","[0.3558, 0.7375]","[0.4484, 0.7642]","[0.4212, 0.7786]","[0.441, 0.7721]","[0.458, 0.7651]","[0.4556, 0.7942]","[0.4356, 0.8031]","[0.4483, 0.7961]","[0.461, 0.7889]"
"[0.5264, 0.7625]","[0.5059, 0.7159]","[0.4752, 0.6976]","[0.4482, 0.7194]","[0.4275, 0.7508]","[0.4454, 0.6991]","[0.4099, 0.7008]","[0.3876, 0.7072]","[0.3681, 0.7121]","[0.4437, 0.7327]","[0.4044, 0.7333]","[0.378, 0.7367]","[0.355, 0.7388]","[0.4484, 0.7645]","[0.421, 0.7784]","[0.4394, 0.7722]","[0.4567, 0.7646]","[0.4549, 0.7945]","[0.4353, 0.803]","[0.4472, 0.7965]","[0.4599, 0.7885]"
"[0.5269, 0.7646]","[0.5058, 0.7172]","[0.4752, 0.6981]","[0.4483, 0.7196]","[0.4272, 0.7529]","[0.4456, 0.6991]","[0.4099, 0.7014]","[0.3876, 0.7078]","[0.3678, 0.7126]","[0.444, 0.7326]","[0.4046, 0.7335]","[0.3779, 0.7365]","[0.3548, 0.7384]","[0.4486, 0.7643]","[0.4209, 0.7784]","[0.4395, 0.7728]","[0.4569, 0.7657]","[0.4548, 0.7945]","[0.4356, 0.8032]","[0.4479, 0.7969]","[0.4608, 0.789]"
"[0.5275, 0.7626]","[0.5068, 0.7155]","[0.4758, 0.6949]","[0.4481, 0.7187]","[0.4284, 0.7527]","[0.4459, 0.6995]","[0.4103, 0.7003]","[0.3883, 0.7065]","[0.3686, 0.7107]","[0.4434, 0.7327]","[0.4045, 0.7331]","[0.3782, 0.736]","[0.3557, 0.7371]","[0.4479, 0.7636]","[0.4206, 0.7769]","[0.4385, 0.7712]","[0.4562, 0.7644]","[0.4552, 0.7933]","[0.4349, 0.8014]","[0.4463, 0.7941]","[0.4598, 0.7858]"
"[0.5278, 0.7633]","[0.5079, 0.7182]","[0.4772, 0.6978]","[0.4489, 0.7184]","[0.4282, 0.7519]","[0.447, 0.699]","[0.4102, 0.6997]","[0.3879, 0.706]","[0.3679, 0.7104]","[0.4446, 0.732]","[0.405, 0.7319]","[0.3786, 0.7348]","[0.3554, 0.7357]","[0.4487, 0.7631]","[0.4211, 0.7769]","[0.4395, 0.7722]","[0.4575, 0.7656]","[0.4553, 0.7928]","[0.4358, 0.8015]","[0.4477, 0.7958]","[0.461, 0.7884]"
