"[0.5328, 0.8376]","[0.3977, 0.73]","[0.3452, 0.5549]","[0.3802, 0.4117]","[0.4162, 0.3142]","[0.4103, 0.4587]","[0.4243, 0.3195]","[0.4252, 0.2595]","[0.4188, 0.2295]","[0.5042, 0.4764]","[0.5051, 0.389]","[0.4889, 0.5054]","[0.4725, 0.6021]","[0.5919, 0.5088]","[0.5863, 0.4565]","[0.5588, 0.5708]","[0.5387, 0.6496]","[0.6764, 0.5525]","[0.6625, 0.4972]","[0.6352, 0.5702]","[0.6219, 0.6239]"
"[0.5275, 0.8365]","[0.3976, 0.7318]","[0.345, 0.5606]","[0.3818, 0.4217]","[0.4231, 0.3302]","[0.4064, 0.4655]","[0.4205, 0.3312]","[0.4222, 0.2615]","[0.4196, 0.2158]","[0.5008, 0.4798]","[0.5017, 0.3877]","[0.4855, 0.509]","[0.4744, 0.6083]","[0.5884, 0.5111]","[0.5823, 0.4588]","[0.5562, 0.5782]","[0.5409, 0.6586]","[0.6737, 0.5538]","[0.6586, 0.4986]","[0.6344, 0.573]","[0.6269, 0.6252]"
"[0.5289, 0.8303]","[0.3983, 0.7291]","[0.3442, 0.5585]","[0.377, 0.4226]","[0.4136, 0.3344]","[0.4103, 0.4653]","[0.4228, 0.3334]","[0.4249, 0.263]","[0.4233, 0.2193]","[0.5034, 0.4806]","[0.5021, 0.3817]","[0.4841, 0.5029]","[0.4725, 0.6062]","[0.5909, 0.5125]","[0.5806, 0.4521]","[0.5556, 0.5704]","[0.5421, 0.6553]","[0.6767, 0.5557]","[0.6554, 0.4923]","[0.6312, 0.5684]","[0.6244, 0.6274]"
"[0.533, 0.822]","[0.4019, 0.7248]","[0.349, 0.557]","[0.3812, 0.4223]","[0.4167, 0.3362]","[0.4121, 0.4651]","[0.4248, 0.334]","[0.4296, 0.2624]","[0.4296, 0.2196]","[0.5056, 0.4806]","[0.5072, 0.378]","[0.4864, 0.4963]","[0.4705, 0.5997]","[0.5938, 0.5124]","[0.5821, 0.4535]","[0.5555, 0.57]","[0.5399, 0.6534]","[0.68, 0.5562]","[0.6565, 0.4946]","[0.6322, 0.5709]","[0.6249, 0.6292]"
"[0.534, 0.8217]","[0.4065, 0.7274]","[0.3509, 0.5597]","[0.3838, 0.4243]","[0.4216, 0.3385]","[0.416, 0.4645]","[0.4308, 0.3341]","[0.4346, 0.2615]","[0.433, 0.2183]","[0.5095, 0.4813]","[0.5102, 0.3771]","[0.4896, 0.4968]","[0.4733, 0.6019]","[0.5972, 0.5149]","[0.5848, 0.4549]","[0.5572, 0.5723]","[0.5397, 0.6575]","[0.6825, 0.56]","[0.6634, 0.4962]","[0.636, 0.5716]","[0.6242, 0.6311]"
"[0.538, 0.8221]","[0.4066, 0.7273]","[0.3521, 0.5575]","[0.385, 0.4193]","[0.4183, 0.3287]","[0.417, 0.4682]","[0.4291, 0.3422]","[0.4339, 0.2675]","[0.4337, 0.2154]","[0.5099, 0.4832]","[0.5112, 0.3785]","[0.492, 0.4981]","[0.477, 0.6037]","[0.5971, 0.5157]","[0.5874, 0.4555]","[0.5609, 0.5735]","[0.5436, 0.6602]","[0.6812, 0.56]","[0.6649, 0.4966]","[0.6403, 0.5712]","[0.6298, 0.6315]"
"[0.5351, 0.8143]","[0.4067, 0.7314]","[0.3493, 0.5586]","[0.3831, 0.4183]","[0.4225, 0.331]","[0.4118, 0.4621]","[0.4251, 0.33]","[0.432, 0.2544]","[0.4342, 0.2138]","[0.5056, 0.4772]","[0.5095, 0.3766]","[0.4925, 0.4987]","[0.4777, 0.603]","[0.5935, 0.5103]","[0.5865, 0.4505]","[0.56, 0.5701]","[0.5407, 0.6549]","[0.6782, 0.5557]","[0.6613, 0.4955]","[0.6361, 0.5749]","[0.6248, 0.635]"
"[0.531, 0.8116]","[0.4029, 0.725]","[0.3479, 0.5556]","[0.382, 0.4181]","[0.4172, 0.3301]","[0.4097, 0.455]","[0.4244, 0.3237]","[0.4306, 0.2541]","[0.4305, 0.2178]","[0.5028, 0.4716]","[0.5085, 0.3761]","[0.4925, 0.4974]","[0.4764, 0.6001]","[0.5908, 0.5051]","[0.5859, 0.45]","[0.5601, 0.5702]","[0.539, 0.6536]","[0.6751, 0.5506]","[0.661, 0.4974]","[0.6362, 0.5776]","[0.6234, 0.6351]"
"[0.5353, 0.8179]","[0.4028, 0.7291]","[0.3472, 0.5588]","[0.385, 0.4202]","[0.4272, 0.3333]","[0.4064, 0.4645]","[0.4204, 0.3397]","[0.4283, 0.2666]","[0.4307, 0.216]","[0.5024, 0.4772]","[0.5069, 0.3777]","[0.4929, 0.4962]","[0.4798, 0.5994]","[0.5917, 0.5081]","[0.586, 0.4504]","[0.5626, 0.5692]","[0.5447, 0.6542]","[0.6775, 0.5517]","[0.6617, 0.4953]","[0.6384, 0.5749]","[0.6278, 0.6343]"
"[0.5304, 0.8149]","[0.4027, 0.7282]","[0.3492, 0.5567]","[0.3869, 0.42]","[0.4234, 0.3337]","[0.4129, 0.46]","[0.4266, 0.3323]","[0.4318, 0.2602]","[0.4327, 0.2197]","[0.5077, 0.4743]","[0.5103, 0.3743]","[0.4922, 0.4955]","[0.4775, 0.5974]","[0.5954, 0.5078]","[0.5865, 0.4495]","[0.5597, 0.5669]","[0.5418, 0.6487]","[0.6795, 0.5535]","[0.6598, 0.4948]","[0.6342, 0.5728]","[0.624, 0.6292]"
"[0.5322, 0.8169]","[0.4042, 0.7275]","[0.3523, 0.5565]","[0.3916, 0.4204]","[0.4258, 0.3335]","[0.4153, 0.462]","[0.4262, 0.3375]","[0.432, 0.2622]","[0.434, 0.2137]","[0.5083, 0.4772]","[0.5122, 0.3756]","[0.4951, 0.497]","[0.4804, 0.6013]","[0.5953, 0.5098]","[0.5901, 0.4514]","[0.5625, 0.5722]","[0.5423, 0.6568]","[0.679, 0.5537]","[0.6637, 0.4956]","[0.6378, 0.5753]","[0.6257, 0.6336]"
"[0.5353, 0.8099]","[0.4068, 0.7252]","[0.3546, 0.5561]","[0.3915, 0.4201]","[0.4245, 0.3341]","[0.4215, 0.4577]","[0.4341, 0.3226]","[0.4371, 0.2496]","[0.4347, 0.2174]","[0.5132, 0.4747]","[0.5152, 0.3764]","[0.4984, 0.4991]","[0.4844, 0.6028]","[0.5987, 0.508]","[0.5887, 0.4518]","[0.5644, 0.5714]","[0.5482, 0.6539]","[0.6821, 0.5527]","[0.6602, 0.4968]","[0.6376, 0.5747]","[0.6301, 0.6301]"
"[0.5375, 0.8162]","[0.4076, 0.7285]","[0.3546, 0.553]","[0.3944, 0.415]","[0.4347, 0.329]","[0.4211, 0.4622]","[0.4314, 0.3382]","[0.4343, 0.265]","[0.4345, 0.2147]","[0.5145, 0.4781]","[0.5127, 0.3791]","[0.4956, 0.5008]","[0.485, 0.6049]","[0.6018, 0.5115]","[0.5878, 0.4516]","[0.5645, 0.5728]","[0.5518, 0.6572]","[0.6875, 0.5552]","[0.6629, 0.4922]","[0.6399, 0.5709]","[0.6349, 0.6283]"
"[0.5355, 0.8111]","[0.4083, 0.7295]","[0.3534, 0.5571]","[0.3901, 0.418]","[0.4297, 0.3324]","[0.4191, 0.4618]","[0.4274, 0.3345]","[0.4343, 0.2582]","[0.4395, 0.2117]","[0.5125, 0.4778]","[0.5153, 0.3774]","[0.4978, 0.498]","[0.4846, 0.6017]","[0.5997, 0.5116]","[0.5899, 0.45]","[0.5657, 0.5698]","[0.5499, 0.6542]","[0.6845, 0.5564]","[0.6649, 0.4911]","[0.6418, 0.5682]","[0.634, 0.6266]"
"[0.5378, 0.8136]","[0.4088, 0.7317]","[0.3543, 0.5565]","[0.3915, 0.4172]","[0.4256, 0.3287]","[0.422, 0.4619]","[0.4315, 0.3354]","[0.4357, 0.2613]","[0.4364, 0.2153]","[0.5141, 0.4779]","[0.5154, 0.3792]","[0.499, 0.5002]","[0.4866, 0.6006]","[0.6006, 0.5113]","[0.5908, 0.4493]","[0.5679, 0.5703]","[0.5528, 0.6531]","[0.6853, 0.5554]","[0.6644, 0.4923]","[0.6427, 0.5697]","[0.6362, 0.6252]"
"[0.5375, 0.8114]","[0.4079, 0.7291]","[0.3544, 0.5558]","[0.3935, 0.4176]","[0.4312, 0.3306]","[0.4234, 0.4621]","[0.4354, 0.3344]","[0.4405, 0.2612]","[0.4417, 0.217]","[0.5156, 0.4783]","[0.5165, 0.3795]","[0.4988, 0.4986]","[0.4856, 0.6015]","[0.6018, 0.5121]","[0.5909, 0.4512]","[0.5665, 0.5691]","[0.5509, 0.6546]","[0.6861, 0.5568]","[0.6664, 0.494]","[0.641, 0.5699]","[0.6309, 0.6295]"
"[0.5383, 0.8137]","[0.4094, 0.7275]","[0.3577, 0.5547]","[0.3977, 0.4176]","[0.4356, 0.3318]","[0.4257, 0.4633]","[0.4366, 0.339]","[0.4422, 0.2649]","[0.4445, 0.2154]","[0.5183, 0.4788]","[0.5209, 0.3779]","[0.5021, 0.4986]","[0.4886, 0.601]","[0.6049, 0.5121]","[0.5948, 0.4522]","[0.5682, 0.5722]","[0.5516, 0.6566]","[0.6892, 0.5571]","[0.6675, 0.4947]","[0.6412, 0.574]","[0.6313, 0.6332]"
"[0.5433, 0.8089]","[0.4122, 0.7267]","[0.3569, 0.5528]","[0.3957, 0.4144]","[0.4393, 0.3303]","[0.4241, 0.4635]","[0.4348, 0.3361]","[0.4441, 0.2615]","[0.4506, 0.2165]","[0.5177, 0.4779]","[0.5227, 0.3775]","[0.5068, 0.4982]","[0.4944, 0.6027]","[0.6048, 0.5095]","[0.5969, 0.4496]","[0.5724, 0.5684]","[0.5565, 0.6543]","[0.6891, 0.5523]","[0.6683, 0.4934]","[0.6448, 0.572]","[0.6365, 0.6328]"
"[0.5459, 0.8119]","[0.4159, 0.7251]","[0.3631, 0.5585]","[0.4013, 0.4238]","[0.4411, 0.3406]","[0.4284, 0.4634]","[0.441, 0.3351]","[0.4482, 0.2604]","[0.4509, 0.2181]","[0.5211, 0.4796]","[0.524, 0.3786]","[0.5089, 0.4993]","[0.4971, 0.6039]","[0.6083, 0.5119]","[0.5989, 0.4537]","[0.5758, 0.5723]","[0.5607, 0.6569]","[0.6935, 0.5551]","[0.6719, 0.4946]","[0.6496, 0.574]","[0.6427, 0.6333]"
"[0.5465, 0.812]","[0.4166, 0.7232]","[0.3655, 0.5522]","[0.4052, 0.415]","[0.443, 0.3275]","[0.4325, 0.4637]","[0.4476, 0.3374]","[0.4529, 0.2639]","[0.4525, 0.2154]","[0.5256, 0.4791]","[0.5288, 0.3781]","[0.5123, 0.5004]","[0.4996, 0.6065]","[0.6126, 0.5121]","[0.6036, 0.453]","[0.5786, 0.5732]","[0.5618, 0.6605]","[0.6959, 0.5567]","[0.6748, 0.4968]","[0.6508, 0.577]","[0.642, 0.6385]"
"[0.549, 0.8119]","[0.4192, 0.7239]","[0.3674, 0.5542]","[0.4056, 0.4186]","[0.4435, 0.3338]","[0.4334, 0.4634]","[0.4453, 0.3339]","[0.4524, 0.2582]","[0.4551, 0.2131]","[0.5262, 0.4786]","[0.532, 0.3771]","[0.5154, 0.4956]","[0.5006, 0.5998]","[0.6126, 0.5114]","[0.607, 0.4534]","[0.5809, 0.5711]","[0.5614, 0.6567]","[0.6955, 0.556]","[0.6802, 0.4982]","[0.6544, 0.5754]","[0.6412, 0.6351]"
"[0.55, 0.8152]","[0.4173, 0.724]","[0.3659, 0.5539]","[0.404, 0.4171]","[0.4398, 0.3293]","[0.4323, 0.4681]","[0.4433, 0.3481]","[0.4507, 0.272]","[0.4546, 0.2131]","[0.5263, 0.4806]","[0.5306, 0.3769]","[0.5128, 0.4963]","[0.4988, 0.6008]","[0.6133, 0.5114]","[0.6052, 0.4521]","[0.579, 0.5729]","[0.5615, 0.6586]","[0.6972, 0.5543]","[0.6781, 0.4965]","[0.653, 0.577]","[0.6426, 0.6364]"
"[0.5524, 0.8142]","[0.4188, 0.7278]","[0.3666, 0.5521]","[0.4044, 0.4086]","[0.4451, 0.3171]","[0.428, 0.4698]","[0.4392, 0.3455]","[0.4498, 0.267]","[0.4581, 0.2141]","[0.5233, 0.4815]","[0.5284, 0.3756]","[0.513, 0.4977]","[0.5009, 0.6027]","[0.6114, 0.5118]","[0.6077, 0.45]","[0.5813, 0.572]","[0.5634, 0.659]","[0.6952, 0.5541]","[0.6823, 0.4951]","[0.6565, 0.5744]","[0.6433, 0.6341]"
"[0.5507, 0.8147]","[0.4168, 0.725]","[0.3667, 0.5492]","[0.4058, 0.4065]","[0.4443, 0.3145]","[0.4305, 0.4669]","[0.4408, 0.3437]","[0.4504, 0.2677]","[0.4576, 0.2154]","[0.5246, 0.4794]","[0.5301, 0.3782]","[0.5141, 0.5006]","[0.501, 0.6042]","[0.6117, 0.5106]","[0.6073, 0.4499]","[0.5809, 0.5722]","[0.5623, 0.6583]","[0.695, 0.5541]","[0.6809, 0.4973]","[0.6551, 0.5767]","[0.6416, 0.6345]"
"[0.5439, 0.8129]","[0.4155, 0.7307]","[0.3649, 0.5524]","[0.406, 0.4104]","[0.4438, 0.3194]","[0.4342, 0.4635]","[0.4447, 0.3409]","[0.4505, 0.264]","[0.4529, 0.2128]","[0.527, 0.4791]","[0.5307, 0.3755]","[0.511, 0.4992]","[0.4969, 0.6033]","[0.6123, 0.5139]","[0.6046, 0.4523]","[0.577, 0.5732]","[0.5604, 0.6585]","[0.6943, 0.5595]","[0.6756, 0.4965]","[0.6515, 0.5736]","[0.6433, 0.6308]"
"[0.5486, 0.8175]","[0.4177, 0.736]","[0.3639, 0.5573]","[0.4048, 0.4137]","[0.4437, 0.3205]","[0.4318, 0.4689]","[0.4408, 0.3517]","[0.4474, 0.2718]","[0.4522, 0.2131]","[0.5241, 0.4815]","[0.5273, 0.3744]","[0.5095, 0.4999]","[0.4996, 0.6062]","[0.6103, 0.5144]","[0.6038, 0.4475]","[0.5775, 0.5703]","[0.5643, 0.6594]","[0.6939, 0.5592]","[0.6749, 0.4934]","[0.6503, 0.5709]","[0.6432, 0.6314]"
"[0.5476, 0.8159]","[0.4153, 0.7328]","[0.3633, 0.5576]","[0.4042, 0.4129]","[0.4436, 0.3185]","[0.4292, 0.4696]","[0.4372, 0.3521]","[0.4458, 0.273]","[0.4537, 0.2144]","[0.5223, 0.4822]","[0.5276, 0.3751]","[0.5101, 0.4987]","[0.4992, 0.6033]","[0.6082, 0.5146]","[0.6067, 0.4491]","[0.5771, 0.5719]","[0.5604, 0.6617]","[0.6904, 0.5597]","[0.6795, 0.4941]","[0.652, 0.5721]","[0.6394, 0.6344]"
"[0.5477, 0.8137]","[0.416, 0.7304]","[0.3627, 0.5573]","[0.4031, 0.4148]","[0.4417, 0.3218]","[0.4309, 0.4667]","[0.4382, 0.3464]","[0.447, 0.2684]","[0.4552, 0.2159]","[0.5235, 0.4808]","[0.5269, 0.3758]","[0.5092, 0.4987]","[0.4989, 0.6025]","[0.6086, 0.5135]","[0.6057, 0.4517]","[0.5755, 0.5721]","[0.5586, 0.6606]","[0.6908, 0.5582]","[0.6794, 0.4928]","[0.6525, 0.5685]","[0.6403, 0.6302]"
"[0.5474, 0.8138]","[0.4142, 0.7292]","[0.3596, 0.5548]","[0.4011, 0.4136]","[0.4419, 0.3237]","[0.4296, 0.4681]","[0.4375, 0.35]","[0.4451, 0.2735]","[0.452, 0.2168]","[0.5231, 0.4814]","[0.5254, 0.3754]","[0.5072, 0.4973]","[0.4964, 0.6011]","[0.6097, 0.5137]","[0.6021, 0.4507]","[0.5739, 0.5719]","[0.5587, 0.6592]","[0.6929, 0.5588]","[0.6751, 0.4937]","[0.6497, 0.5712]","[0.641, 0.632]"
"[0.5496, 0.8137]","[0.4161, 0.7361]","[0.3587, 0.5625]","[0.3978, 0.4183]","[0.4399, 0.3289]","[0.4271, 0.4702]","[0.4335, 0.3485]","[0.4432, 0.2695]","[0.4522, 0.2144]","[0.5208, 0.4817]","[0.5246, 0.3752]","[0.509, 0.498]","[0.4983, 0.6039]","[0.6078, 0.5122]","[0.6039, 0.4494]","[0.5758, 0.5714]","[0.558, 0.661]","[0.6914, 0.5557]","[0.6776, 0.4938]","[0.6503, 0.573]","[0.637, 0.636]"
"[0.5491, 0.8137]","[0.4134, 0.7353]","[0.3554, 0.5592]","[0.3964, 0.4168]","[0.4423, 0.3326]","[0.4253, 0.4688]","[0.4335, 0.3487]","[0.4438, 0.2718]","[0.4544, 0.2162]","[0.5201, 0.4811]","[0.5261, 0.3755]","[0.5098, 0.4969]","[0.4984, 0.6022]","[0.6078, 0.5117]","[0.6044, 0.453]","[0.5772, 0.574]","[0.5594, 0.6614]","[0.6918, 0.5544]","[0.679, 0.4935]","[0.6518, 0.5726]","[0.6386, 0.634]"
"[0.5513, 0.8187]","[0.4142, 0.7363]","[0.3567, 0.5617]","[0.3986, 0.4175]","[0.4432, 0.3287]","[0.4224, 0.4746]","[0.4307, 0.355]","[0.4412, 0.277]","[0.4511, 0.2175]","[0.5188, 0.4851]","[0.5234, 0.3764]","[0.5088, 0.497]","[0.4979, 0.6027]","[0.6082, 0.5142]","[0.6039, 0.4516]","[0.577, 0.5737]","[0.5581, 0.6623]","[0.6933, 0.5558]","[0.6804, 0.4938]","[0.653, 0.5738]","[0.6383, 0.6363]"
"[0.5476, 0.8196]","[0.4124, 0.7352]","[0.3578, 0.5581]","[0.4008, 0.4144]","[0.4445, 0.3239]","[0.4253, 0.474]","[0.4341, 0.3559]","[0.4424, 0.278]","[0.4507, 0.2179]","[0.5215, 0.4853]","[0.5224, 0.375]","[0.505, 0.4987]","[0.4948, 0.6059]","[0.6104, 0.5153]","[0.601, 0.4526]","[0.5728, 0.5777]","[0.5561, 0.6672]","[0.6952, 0.5575]","[0.6759, 0.4936]","[0.6485, 0.5754]","[0.6365, 0.6377]"
"[0.5506, 0.8152]","[0.4129, 0.7333]","[0.3581, 0.5547]","[0.401, 0.4071]","[0.4435, 0.3137]","[0.4272, 0.4713]","[0.4356, 0.3515]","[0.4427, 0.2726]","[0.4485, 0.2145]","[0.5232, 0.4842]","[0.5229, 0.3761]","[0.505, 0.5018]","[0.495, 0.6078]","[0.6105, 0.5153]","[0.6011, 0.4497]","[0.5707, 0.5743]","[0.554, 0.6639]","[0.6949, 0.5579]","[0.6726, 0.4918]","[0.647, 0.5727]","[0.6385, 0.6349]"
"[0.5457, 0.8106]","[0.4117, 0.7312]","[0.3593, 0.5506]","[0.4024, 0.4033]","[0.4432, 0.3098]","[0.4278, 0.4669]","[0.4381, 0.3433]","[0.4451, 0.2661]","[0.4502, 0.2143]","[0.5224, 0.4817]","[0.5227, 0.3749]","[0.5036, 0.5025]","[0.4926, 0.6102]","[0.6088, 0.5148]","[0.5997, 0.4494]","[0.5696, 0.5745]","[0.5526, 0.6643]","[0.6931, 0.5585]","[0.6716, 0.4923]","[0.6453, 0.5739]","[0.6361, 0.6354]"
"[0.548, 0.8118]","[0.4143, 0.7324]","[0.3592, 0.5543]","[0.4, 0.4093]","[0.4452, 0.3209]","[0.4262, 0.4676]","[0.4365, 0.3431]","[0.4452, 0.2643]","[0.452, 0.2129]","[0.5199, 0.4823]","[0.5242, 0.3744]","[0.5067, 0.498]","[0.4948, 0.6042]","[0.6066, 0.5151]","[0.6013, 0.4491]","[0.5733, 0.5718]","[0.5557, 0.6588]","[0.6909, 0.5594]","[0.6738, 0.4929]","[0.649, 0.5727]","[0.6394, 0.6318]"
"[0.5345, 0.8153]","[0.408, 0.7303]","[0.357, 0.5548]","[0.4019, 0.4183]","[0.4471, 0.3376]","[0.4213, 0.4638]","[0.433, 0.3435]","[0.4405, 0.2669]","[0.4469, 0.2148]","[0.5162, 0.4775]","[0.521, 0.3753]","[0.504, 0.4971]","[0.492, 0.6018]","[0.604, 0.5106]","[0.5987, 0.451]","[0.5733, 0.5703]","[0.557, 0.6549]","[0.6873, 0.5561]","[0.6713, 0.4927]","[0.6457, 0.5712]","[0.6358, 0.63]"
"[0.533, 0.8137]","[0.4017, 0.7296]","[0.3471, 0.5515]","[0.3893, 0.4089]","[0.4372, 0.3264]","[0.4125, 0.463]","[0.425, 0.3395]","[0.4339, 0.2615]","[0.4404, 0.2142]","[0.5085, 0.479]","[0.5172, 0.3752]","[0.499, 0.4968]","[0.4846, 0.6019]","[0.5969, 0.5132]","[0.5954, 0.4471]","[0.5673, 0.5665]","[0.5481, 0.6542]","[0.6809, 0.5602]","[0.6682, 0.4918]","[0.6415, 0.571]","[0.6298, 0.6341]"
"[0.5256, 0.8085]","[0.4003, 0.7288]","[0.3462, 0.5542]","[0.385, 0.4138]","[0.4241, 0.3308]","[0.4101, 0.4579]","[0.4221, 0.3233]","[0.4297, 0.2479]","[0.4345, 0.2154]","[0.5035, 0.4759]","[0.5093, 0.3749]","[0.4928, 0.5007]","[0.4801, 0.6042]","[0.5913, 0.5111]","[0.588, 0.4511]","[0.5633, 0.5727]","[0.5464, 0.6542]","[0.6763, 0.557]","[0.6611, 0.4929]","[0.6396, 0.5688]","[0.633, 0.6214]"
"[0.5258, 0.8156]","[0.3961, 0.7282]","[0.3458, 0.5537]","[0.3869, 0.4132]","[0.4223, 0.3234]","[0.4083, 0.459]","[0.4226, 0.329]","[0.4277, 0.2561]","[0.4279, 0.2174]","[0.5016, 0.4767]","[0.5055, 0.376]","[0.4877, 0.4992]","[0.4739, 0.6036]","[0.589, 0.5106]","[0.5822, 0.4525]","[0.5563, 0.5746]","[0.5405, 0.6595]","[0.6743, 0.5549]","[0.6541, 0.4967]","[0.6312, 0.5759]","[0.6254, 0.6325]"
"[0.5268, 0.8153]","[0.3952, 0.7238]","[0.3465, 0.5518]","[0.3855, 0.4138]","[0.4156, 0.3241]","[0.411, 0.46]","[0.4267, 0.3264]","[0.4291, 0.255]","[0.4262, 0.2178]","[0.5032, 0.4785]","[0.5054, 0.376]","[0.4867, 0.4993]","[0.4736, 0.6037]","[0.5896, 0.5129]","[0.5804, 0.4507]","[0.5554, 0.5727]","[0.5419, 0.6581]","[0.674, 0.5576]","[0.6527, 0.4956]","[0.6308, 0.5725]","[0.627, 0.6288]"
"[0.5244, 0.8153]","[0.3949, 0.7241]","[0.346, 0.5539]","[0.3864, 0.4164]","[0.4224, 0.3284]","[0.4125, 0.4598]","[0.426, 0.3258]","[0.4289, 0.2544]","[0.4272, 0.2181]","[0.504, 0.4789]","[0.5064, 0.377]","[0.486, 0.4983]","[0.471, 0.6005]","[0.5906, 0.5136]","[0.5804, 0.4526]","[0.5533, 0.5741]","[0.5376, 0.6575]","[0.6753, 0.5584]","[0.6529, 0.4987]","[0.6298, 0.5759]","[0.6253, 0.6304]"
"[0.5242, 0.8155]","[0.3953, 0.7232]","[0.3452, 0.552]","[0.385, 0.4136]","[0.4239, 0.3261]","[0.4137, 0.4578]","[0.429, 0.3204]","[0.4308, 0.2505]","[0.4272, 0.2212]","[0.5058, 0.4778]","[0.5061, 0.3772]","[0.4852, 0.5005]","[0.4703, 0.6041]","[0.5926, 0.5135]","[0.5801, 0.4519]","[0.5535, 0.5743]","[0.5383, 0.6585]","[0.6769, 0.5591]","[0.6528, 0.4979]","[0.6303, 0.5759]","[0.6268, 0.6312]"
"[0.5258, 0.8171]","[0.3937, 0.7209]","[0.3455, 0.5466]","[0.3855, 0.4086]","[0.4251, 0.3217]","[0.415, 0.4611]","[0.4308, 0.3269]","[0.4332, 0.2572]","[0.4308, 0.2192]","[0.508, 0.479]","[0.5068, 0.3787]","[0.4856, 0.5011]","[0.4722, 0.6048]","[0.5952, 0.5132]","[0.581, 0.454]","[0.5537, 0.5766]","[0.5398, 0.6613]","[0.6805, 0.5579]","[0.6517, 0.4991]","[0.6289, 0.5791]","[0.6271, 0.6357]"
"[0.5285, 0.8172]","[0.3966, 0.7231]","[0.347, 0.5508]","[0.387, 0.4127]","[0.4191, 0.3225]","[0.4155, 0.4587]","[0.429, 0.3242]","[0.4332, 0.2529]","[0.4323, 0.2191]","[0.508, 0.4791]","[0.5111, 0.3778]","[0.4902, 0.5024]","[0.4744, 0.6081]","[0.5942, 0.5146]","[0.5857, 0.4492]","[0.5581, 0.5729]","[0.5421, 0.6614]","[0.6785, 0.5603]","[0.6564, 0.4951]","[0.6333, 0.5736]","[0.6284, 0.6336]"
"[0.5272, 0.8165]","[0.3961, 0.7218]","[0.3489, 0.55]","[0.3896, 0.4121]","[0.4211, 0.3214]","[0.4165, 0.4565]","[0.4299, 0.3196]","[0.4329, 0.2491]","[0.4303, 0.2185]","[0.5092, 0.4767]","[0.5103, 0.3777]","[0.4894, 0.5028]","[0.4744, 0.6058]","[0.5953, 0.513]","[0.5842, 0.4528]","[0.5571, 0.5756]","[0.542, 0.6585]","[0.6798, 0.5595]","[0.6555, 0.4993]","[0.6345, 0.577]","[0.6328, 0.6303]"
"[0.5312, 0.8187]","[0.3984, 0.7216]","[0.3493, 0.5487]","[0.3924, 0.4099]","[0.4319, 0.3199]","[0.4207, 0.4605]","[0.4357, 0.3302]","[0.4361, 0.2584]","[0.432, 0.2155]","[0.5136, 0.4786]","[0.5115, 0.3771]","[0.4891, 0.5001]","[0.4756, 0.603]","[0.5994, 0.5139]","[0.5865, 0.4503]","[0.5584, 0.5735]","[0.5443, 0.6583]","[0.6842, 0.5597]","[0.6602, 0.494]","[0.6374, 0.5716]","[0.6349, 0.6275]"
"[0.5332, 0.8198]","[0.4025, 0.7249]","[0.3502, 0.549]","[0.3911, 0.4092]","[0.4288, 0.3192]","[0.4194, 0.4631]","[0.4333, 0.3369]","[0.4379, 0.2644]","[0.4377, 0.2166]","[0.5147, 0.4788]","[0.5157, 0.3763]","[0.4955, 0.5019]","[0.4832, 0.6052]","[0.6014, 0.5128]","[0.5928, 0.4478]","[0.5649, 0.5725]","[0.5507, 0.6575]","[0.6862, 0.5592]","[0.6666, 0.4911]","[0.6423, 0.5694]","[0.6372, 0.6262]"
"[0.5369, 0.821]","[0.4061, 0.7242]","[0.3559, 0.5455]","[0.3975, 0.4044]","[0.436, 0.3131]","[0.4245, 0.4685]","[0.4412, 0.343]","[0.4451, 0.2695]","[0.4443, 0.2196]","[0.5171, 0.4848]","[0.5207, 0.3782]","[0.5015, 0.4996]","[0.4883, 0.6057]","[0.6022, 0.5187]","[0.5961, 0.4511]","[0.5695, 0.5702]","[0.5544, 0.66]","[0.6841, 0.5632]","[0.6679, 0.4877]","[0.6449, 0.5622]","[0.6379, 0.6261]"
"[0.5363, 0.8173]","[0.408, 0.7295]","[0.3562, 0.5518]","[0.3984, 0.4096]","[0.4416, 0.3204]","[0.4244, 0.4639]","[0.4404, 0.3318]","[0.4447, 0.2556]","[0.4454, 0.218]","[0.5171, 0.4798]","[0.5168, 0.373]","[0.4975, 0.4977]","[0.4862, 0.6038]","[0.6023, 0.5131]","[0.5936, 0.445]","[0.566, 0.567]","[0.5515, 0.656]","[0.6858, 0.5578]","[0.6671, 0.4826]","[0.6432, 0.5617]","[0.6365, 0.626]"
"[0.5396, 0.8222]","[0.407, 0.724]","[0.358, 0.5473]","[0.3973, 0.4038]","[0.4338, 0.3089]","[0.4256, 0.4704]","[0.4416, 0.3463]","[0.4446, 0.2716]","[0.4433, 0.2181]","[0.5181, 0.4856]","[0.5206, 0.378]","[0.5005, 0.497]","[0.4872, 0.6034]","[0.6035, 0.5179]","[0.596, 0.4489]","[0.5687, 0.5672]","[0.5535, 0.6579]","[0.6864, 0.5606]","[0.6685, 0.486]","[0.6467, 0.5586]","[0.6415, 0.6214]"
"[0.5414, 0.8212]","[0.4088, 0.7278]","[0.3584, 0.5496]","[0.3988, 0.4048]","[0.4404, 0.3112]","[0.4232, 0.4676]","[0.4381, 0.3417]","[0.4452, 0.2633]","[0.4493, 0.2157]","[0.5186, 0.4804]","[0.5184, 0.3728]","[0.5004, 0.4957]","[0.4893, 0.6034]","[0.6052, 0.5118]","[0.5966, 0.447]","[0.5708, 0.5672]","[0.5577, 0.6566]","[0.6892, 0.5551]","[0.6704, 0.4822]","[0.6482, 0.5583]","[0.6429, 0.6204]"
"[0.5397, 0.8175]","[0.4077, 0.7297]","[0.3571, 0.5499]","[0.3995, 0.4042]","[0.4439, 0.3121]","[0.4247, 0.4642]","[0.4423, 0.3325]","[0.4467, 0.2566]","[0.4472, 0.2173]","[0.5183, 0.4793]","[0.5209, 0.3723]","[0.5013, 0.4969]","[0.4881, 0.6056]","[0.6031, 0.5126]","[0.5959, 0.4452]","[0.5688, 0.5668]","[0.5544, 0.6573]","[0.6863, 0.557]","[0.6685, 0.483]","[0.6458, 0.5611]","[0.64, 0.6248]"
"[0.5414, 0.8192]","[0.4081, 0.7248]","[0.3568, 0.5483]","[0.3979, 0.4062]","[0.4345, 0.3152]","[0.4257, 0.4642]","[0.4453, 0.3371]","[0.4482, 0.2641]","[0.4464, 0.2198]","[0.5186, 0.4795]","[0.5206, 0.3727]","[0.5009, 0.496]","[0.4883, 0.6015]","[0.6037, 0.5124]","[0.5953, 0.4455]","[0.5684, 0.5664]","[0.5547, 0.6532]","[0.6873, 0.5566]","[0.6688, 0.4837]","[0.6476, 0.5587]","[0.6443, 0.6177]"
"[0.5403, 0.8171]","[0.4069, 0.724]","[0.358, 0.5495]","[0.3981, 0.4082]","[0.4331, 0.3165]","[0.426, 0.4628]","[0.4459, 0.3303]","[0.4508, 0.2568]","[0.4493, 0.2195]","[0.5188, 0.4793]","[0.5219, 0.3754]","[0.5035, 0.4972]","[0.489, 0.6023]","[0.6031, 0.5124]","[0.5961, 0.4482]","[0.5705, 0.5666]","[0.5559, 0.6545]","[0.6865, 0.5557]","[0.669, 0.484]","[0.6492, 0.5572]","[0.645, 0.617]"
"[0.5394, 0.8193]","[0.4067, 0.7214]","[0.3561, 0.5479]","[0.3958, 0.4093]","[0.4363, 0.323]","[0.4259, 0.4648]","[0.4438, 0.3377]","[0.4474, 0.2651]","[0.4462, 0.2177]","[0.5195, 0.4806]","[0.5224, 0.3738]","[0.5032, 0.4938]","[0.4895, 0.6013]","[0.605, 0.5131]","[0.5965, 0.4479]","[0.5705, 0.5671]","[0.5558, 0.6569]","[0.6881, 0.556]","[0.6698, 0.4841]","[0.6486, 0.5581]","[0.6438, 0.6198]"
"[0.5397, 0.8197]","[0.4077, 0.7247]","[0.358, 0.5452]","[0.4002, 0.3995]","[0.4386, 0.3041]","[0.425, 0.4676]","[0.4425, 0.343]","[0.4482, 0.2688]","[0.449, 0.2184]","[0.5181, 0.4826]","[0.5245, 0.3754]","[0.5041, 0.4978]","[0.4896, 0.6034]","[0.6027, 0.5145]","[0.5984, 0.4449]","[0.5702, 0.566]","[0.5547, 0.6558]","[0.6855, 0.5571]","[0.6705, 0.4803]","[0.6486, 0.5563]","[0.6434, 0.6196]"
"[0.5398, 0.818]","[0.4064, 0.7269]","[0.3555, 0.548]","[0.4003, 0.4017]","[0.4434, 0.3076]","[0.4236, 0.4662]","[0.4413, 0.3383]","[0.4477, 0.2619]","[0.449, 0.2162]","[0.5159, 0.4807]","[0.5207, 0.374]","[0.501, 0.4977]","[0.4872, 0.6046]","[0.5998, 0.513]","[0.5953, 0.4448]","[0.5667, 0.5657]","[0.5516, 0.6565]","[0.6824, 0.5565]","[0.668, 0.4815]","[0.6465, 0.558]","[0.6414, 0.6216]"
"[0.5364, 0.8134]","[0.4049, 0.7263]","[0.3536, 0.5495]","[0.3968, 0.405]","[0.4384, 0.3115]","[0.423, 0.4644]","[0.4398, 0.3372]","[0.4455, 0.2635]","[0.4474, 0.2174]","[0.5152, 0.4801]","[0.5216, 0.3748]","[0.5026, 0.4999]","[0.4907, 0.6066]","[0.6001, 0.5131]","[0.5962, 0.4463]","[0.569, 0.5691]","[0.5547, 0.6592]","[0.6837, 0.5568]","[0.6673, 0.4829]","[0.644, 0.5616]","[0.6375, 0.6255]"
"[0.5352, 0.8116]","[0.4045, 0.7257]","[0.3507, 0.5517]","[0.3911, 0.4116]","[0.4322, 0.325]","[0.4223, 0.4629]","[0.4384, 0.3347]","[0.4437, 0.2613]","[0.4443, 0.2179]","[0.5139, 0.4794]","[0.5197, 0.3738]","[0.5007, 0.4957]","[0.4867, 0.601]","[0.5992, 0.5125]","[0.594, 0.4464]","[0.567, 0.5672]","[0.5505, 0.6554]","[0.6827, 0.5568]","[0.6643, 0.485]","[0.6422, 0.5629]","[0.6367, 0.625]"
"[0.5284, 0.819]","[0.406, 0.732]","[0.3543, 0.5628]","[0.3927, 0.4275]","[0.4303, 0.3425]","[0.417, 0.4642]","[0.4289, 0.3389]","[0.4379, 0.2622]","[0.4442, 0.2149]","[0.51, 0.481]","[0.5152, 0.3744]","[0.4984, 0.495]","[0.4844, 0.6016]","[0.5971, 0.5141]","[0.5899, 0.4488]","[0.5648, 0.5656]","[0.5487, 0.6522]","[0.6826, 0.5585]","[0.6651, 0.4861]","[0.6398, 0.5596]","[0.629, 0.6197]"
"[0.5324, 0.8223]","[0.4054, 0.735]","[0.3505, 0.563]","[0.3901, 0.4242]","[0.4365, 0.3408]","[0.4126, 0.47]","[0.4263, 0.3423]","[0.4373, 0.2639]","[0.4457, 0.2134]","[0.5075, 0.4854]","[0.5147, 0.3768]","[0.4982, 0.5013]","[0.486, 0.6074]","[0.5953, 0.5177]","[0.5914, 0.4497]","[0.5652, 0.5693]","[0.5494, 0.6559]","[0.6819, 0.5617]","[0.6681, 0.4858]","[0.6413, 0.5606]","[0.629, 0.6212]"
"[0.5309, 0.8235]","[0.4044, 0.7365]","[0.3501, 0.5613]","[0.3896, 0.4192]","[0.4336, 0.3324]","[0.411, 0.4685]","[0.4259, 0.3409]","[0.4355, 0.2647]","[0.4432, 0.2177]","[0.5074, 0.4833]","[0.5136, 0.3754]","[0.497, 0.5038]","[0.4869, 0.6095]","[0.5959, 0.5157]","[0.5908, 0.4496]","[0.5642, 0.5734]","[0.5503, 0.6589]","[0.6829, 0.5598]","[0.6663, 0.4859]","[0.6402, 0.5641]","[0.6309, 0.6228]"
"[0.5292, 0.8236]","[0.4036, 0.7321]","[0.3508, 0.5557]","[0.3897, 0.4164]","[0.429, 0.3294]","[0.4134, 0.4669]","[0.4265, 0.3401]","[0.4349, 0.2652]","[0.4409, 0.217]","[0.5081, 0.4827]","[0.5133, 0.3758]","[0.4956, 0.5025]","[0.484, 0.6095]","[0.5957, 0.5163]","[0.5893, 0.4507]","[0.5638, 0.5736]","[0.5498, 0.6613]","[0.6805, 0.5612]","[0.6651, 0.486]","[0.6408, 0.5631]","[0.6326, 0.6238]"
"[0.5318, 0.8212]","[0.4046, 0.7346]","[0.3522, 0.5569]","[0.3928, 0.4154]","[0.4314, 0.3287]","[0.4147, 0.4653]","[0.426, 0.3376]","[0.4346, 0.2606]","[0.4416, 0.213]","[0.5092, 0.4811]","[0.5141, 0.3739]","[0.4956, 0.5019]","[0.4838, 0.6082]","[0.5962, 0.5148]","[0.591, 0.4482]","[0.564, 0.5728]","[0.5496, 0.6602]","[0.6806, 0.5599]","[0.6647, 0.4869]","[0.639, 0.5658]","[0.6303, 0.6264]"
"[0.5334, 0.8217]","[0.4033, 0.7292]","[0.3503, 0.5534]","[0.3906, 0.4128]","[0.4314, 0.3253]","[0.4121, 0.471]","[0.4265, 0.3468]","[0.4348, 0.2702]","[0.4396, 0.2142]","[0.5078, 0.4851]","[0.5141, 0.3765]","[0.4973, 0.5013]","[0.4851, 0.6065]","[0.5961, 0.517]","[0.5918, 0.4496]","[0.5655, 0.5725]","[0.5501, 0.6592]","[0.6808, 0.5608]","[0.666, 0.4889]","[0.642, 0.5665]","[0.6337, 0.6266]"
"[0.5332, 0.8209]","[0.4022, 0.7293]","[0.3508, 0.5496]","[0.3943, 0.4048]","[0.4395, 0.3126]","[0.4145, 0.4739]","[0.4265, 0.3542]","[0.435, 0.2762]","[0.4422, 0.2171]","[0.5093, 0.4869]","[0.5132, 0.3763]","[0.4958, 0.5017]","[0.4863, 0.6085]","[0.5969, 0.5188]","[0.5907, 0.4473]","[0.5628, 0.5704]","[0.5486, 0.6614]","[0.6814, 0.5634]","[0.6636, 0.4858]","[0.6379, 0.5647]","[0.6295, 0.6305]"
"[0.5326, 0.8202]","[0.4012, 0.7317]","[0.3468, 0.5518]","[0.3898, 0.4074]","[0.4389, 0.3184]","[0.4121, 0.4762]","[0.4233, 0.357]","[0.4321, 0.2763]","[0.4404, 0.2161]","[0.5079, 0.488]","[0.5096, 0.3782]","[0.4936, 0.5022]","[0.486, 0.6095]","[0.5962, 0.5188]","[0.5876, 0.4491]","[0.5618, 0.5709]","[0.5494, 0.6618]","[0.6803, 0.5624]","[0.6604, 0.4856]","[0.6356, 0.563]","[0.6289, 0.6281]"
"[0.5313, 0.8167]","[0.3998, 0.731]","[0.349, 0.5505]","[0.3913, 0.4027]","[0.4304, 0.3063]","[0.4133, 0.4703]","[0.4258, 0.3512]","[0.4325, 0.2725]","[0.4362, 0.217]","[0.5081, 0.4837]","[0.5084, 0.376]","[0.4903, 0.5015]","[0.4808, 0.6081]","[0.5954, 0.5162]","[0.5873, 0.446]","[0.5592, 0.5707]","[0.545, 0.6616]","[0.6794, 0.5608]","[0.6613, 0.4854]","[0.6342, 0.5655]","[0.6253, 0.6299]"
"[0.5289, 0.8161]","[0.3999, 0.7286]","[0.3505, 0.5483]","[0.3924, 0.4029]","[0.432, 0.3085]","[0.4144, 0.4655]","[0.4262, 0.3413]","[0.4325, 0.2638]","[0.4368, 0.2153]","[0.5086, 0.4808]","[0.5092, 0.3751]","[0.49, 0.5012]","[0.4795, 0.6074]","[0.5951, 0.5147]","[0.5866, 0.4464]","[0.5582, 0.5717]","[0.5432, 0.6618]","[0.6783, 0.5603]","[0.6598, 0.4866]","[0.6341, 0.568]","[0.6256, 0.6319]"
"[0.5307, 0.8138]","[0.4017, 0.7288]","[0.3484, 0.5536]","[0.3881, 0.412]","[0.4302, 0.3245]","[0.4148, 0.4634]","[0.426, 0.3343]","[0.4325, 0.2588]","[0.4364, 0.217]","[0.5082, 0.4798]","[0.5101, 0.3755]","[0.4902, 0.5002]","[0.4768, 0.6076]","[0.5954, 0.5139]","[0.5859, 0.4462]","[0.5597, 0.5703]","[0.5443, 0.66]","[0.6793, 0.5594]","[0.6576, 0.4896]","[0.6338, 0.5701]","[0.6273, 0.6322]"
"[0.5319, 0.8155]","[0.4015, 0.7259]","[0.3503, 0.5514]","[0.3903, 0.4124]","[0.4276, 0.3252]","[0.4176, 0.4641]","[0.4325, 0.3379]","[0.4367, 0.2646]","[0.436, 0.2184]","[0.5107, 0.4815]","[0.5117, 0.376]","[0.4927, 0.4985]","[0.4796, 0.605]","[0.5975, 0.516]","[0.5863, 0.4492]","[0.5621, 0.5706]","[0.5482, 0.6578]","[0.6811, 0.5615]","[0.66, 0.4931]","[0.6381, 0.5702]","[0.6331, 0.6288]"
"[0.5351, 0.8239]","[0.4065, 0.7418]","[0.3489, 0.5636]","[0.3918, 0.4216]","[0.4433, 0.338]","[0.4146, 0.4729]","[0.426, 0.3504]","[0.4348, 0.2711]","[0.4435, 0.214]","[0.5099, 0.4847]","[0.5117, 0.3751]","[0.4957, 0.5041]","[0.4878, 0.6104]","[0.598, 0.5164]","[0.5898, 0.4505]","[0.5672, 0.574]","[0.5565, 0.6585]","[0.6841, 0.5608]","[0.6655, 0.4915]","[0.6422, 0.5707]","[0.636, 0.6272]"
"[0.5351, 0.8211]","[0.4041, 0.7348]","[0.3507, 0.5528]","[0.3955, 0.4075]","[0.4425, 0.3151]","[0.4177, 0.473]","[0.4291, 0.3544]","[0.4369, 0.2768]","[0.4458, 0.218]","[0.5135, 0.4857]","[0.5132, 0.3748]","[0.4963, 0.503]","[0.4902, 0.6099]","[0.6013, 0.518]","[0.5916, 0.4502]","[0.5675, 0.5749]","[0.558, 0.6625]","[0.6868, 0.5627]","[0.6668, 0.4876]","[0.6419, 0.5679]","[0.6359, 0.6292]"
"[0.5362, 0.8208]","[0.4048, 0.7348]","[0.3531, 0.5532]","[0.3985, 0.4075]","[0.4449, 0.3146]","[0.4168, 0.4749]","[0.4236, 0.3579]","[0.4337, 0.2787]","[0.4462, 0.2167]","[0.5127, 0.4868]","[0.5173, 0.3772]","[0.4985, 0.5048]","[0.489, 0.613]","[0.6002, 0.5186]","[0.5958, 0.4488]","[0.5655, 0.5744]","[0.5508, 0.6662]","[0.6847, 0.5633]","[0.6694, 0.4882]","[0.6405, 0.5701]","[0.6288, 0.6371]"
"[0.5368, 0.8191]","[0.4028, 0.7331]","[0.3535, 0.552]","[0.3987, 0.4053]","[0.4431, 0.3102]","[0.4187, 0.4746]","[0.4271, 0.3569]","[0.4347, 0.2762]","[0.4435, 0.2135]","[0.5134, 0.487]","[0.5185, 0.3786]","[0.4986, 0.5058]","[0.489, 0.6123]","[0.5996, 0.5193]","[0.5957, 0.4489]","[0.5641, 0.5738]","[0.5498, 0.6646]","[0.684, 0.564]","[0.6696, 0.4882]","[0.6404, 0.5683]","[0.6292, 0.6337]"
"[0.5346, 0.8181]","[0.4033, 0.7318]","[0.3534, 0.5532]","[0.3973, 0.4085]","[0.4394, 0.3147]","[0.418, 0.4706]","[0.4272, 0.3511]","[0.4352, 0.2701]","[0.443, 0.2119]","[0.5126, 0.4846]","[0.5171, 0.3769]","[0.4975, 0.5035]","[0.4862, 0.611]","[0.5992, 0.5178]","[0.5949, 0.4485]","[0.5644, 0.572]","[0.5485, 0.6623]","[0.6837, 0.5633]","[0.6674, 0.4885]","[0.6413, 0.568]","[0.632, 0.6322]"
"[0.5325, 0.8184]","[0.4039, 0.7334]","[0.3518, 0.5559]","[0.3939, 0.4146]","[0.4383, 0.3272]","[0.4183, 0.4679]","[0.4263, 0.3427]","[0.436, 0.2633]","[0.4457, 0.2144]","[0.5116, 0.4832]","[0.5164, 0.3775]","[0.4979, 0.504]","[0.4863, 0.6121]","[0.5979, 0.517]","[0.5923, 0.4516]","[0.5651, 0.5746]","[0.5499, 0.664]","[0.6825, 0.5625]","[0.6655, 0.4895]","[0.6414, 0.569]","[0.6329, 0.6328]"
"[0.5345, 0.815]","[0.4035, 0.7288]","[0.351, 0.557]","[0.3905, 0.4184]","[0.4335, 0.3346]","[0.4167, 0.4637]","[0.4263, 0.33]","[0.4369, 0.2523]","[0.4459, 0.2161]","[0.5093, 0.4802]","[0.5147, 0.3749]","[0.4978, 0.4981]","[0.484, 0.6053]","[0.5958, 0.5135]","[0.5909, 0.4517]","[0.5664, 0.573]","[0.5502, 0.6609]","[0.6803, 0.558]","[0.6634, 0.4923]","[0.6421, 0.5712]","[0.6345, 0.6322]"
"[0.5337, 0.8145]","[0.4004, 0.7222]","[0.3498, 0.555]","[0.3905, 0.4208]","[0.4328, 0.3395]","[0.4156, 0.4638]","[0.4282, 0.3365]","[0.4358, 0.2629]","[0.4395, 0.2131]","[0.5098, 0.4807]","[0.5149, 0.3755]","[0.4993, 0.4957]","[0.4859, 0.6034]","[0.598, 0.5137]","[0.5924, 0.4532]","[0.5682, 0.5734]","[0.5511, 0.6611]","[0.683, 0.5572]","[0.6659, 0.4957]","[0.6423, 0.5743]","[0.6327, 0.6347]"
"[0.5339, 0.8168]","[0.4021, 0.7207]","[0.3526, 0.554]","[0.3923, 0.4214]","[0.4307, 0.3383]","[0.4185, 0.4656]","[0.4318, 0.3384]","[0.4401, 0.2645]","[0.4449, 0.2156]","[0.5124, 0.4826]","[0.5178, 0.3781]","[0.5006, 0.4977]","[0.4865, 0.6033]","[0.5994, 0.5156]","[0.5926, 0.4538]","[0.5687, 0.5739]","[0.5531, 0.6616]","[0.6835, 0.5598]","[0.6666, 0.4919]","[0.6427, 0.5701]","[0.6328, 0.6325]"
"[0.535, 0.8114]","[0.4065, 0.7215]","[0.3563, 0.5554]","[0.3958, 0.4214]","[0.4359, 0.3387]","[0.4224, 0.461]","[0.4363, 0.3277]","[0.4439, 0.2554]","[0.4473, 0.2191]","[0.5156, 0.479]","[0.5204, 0.377]","[0.5009, 0.4959]","[0.4844, 0.6011]","[0.602, 0.5131]","[0.5937, 0.4566]","[0.5681, 0.5751]","[0.5506, 0.6604]","[0.6852, 0.5582]","[0.6658, 0.4947]","[0.6425, 0.5724]","[0.634, 0.6324]"
"[0.5366, 0.8148]","[0.4071, 0.7184]","[0.3599, 0.5479]","[0.398, 0.4123]","[0.432, 0.3248]","[0.4233, 0.4609]","[0.4369, 0.3343]","[0.4444, 0.2609]","[0.447, 0.2138]","[0.5159, 0.479]","[0.5225, 0.3779]","[0.5043, 0.4979]","[0.4889, 0.6023]","[0.6028, 0.5136]","[0.5977, 0.4589]","[0.5712, 0.5779]","[0.5527, 0.6623]","[0.6865, 0.5592]","[0.6702, 0.4996]","[0.6462, 0.5762]","[0.6369, 0.6335]"
"[0.5391, 0.8158]","[0.4079, 0.7207]","[0.3572, 0.5516]","[0.3965, 0.416]","[0.4381, 0.3327]","[0.4229, 0.4658]","[0.434, 0.3405]","[0.4436, 0.2645]","[0.4512, 0.2123]","[0.5172, 0.4813]","[0.5226, 0.3775]","[0.5044, 0.4974]","[0.4893, 0.6037]","[0.6052, 0.5144]","[0.5978, 0.4555]","[0.5724, 0.5751]","[0.5548, 0.6625]","[0.6888, 0.5592]","[0.6702, 0.4992]","[0.6461, 0.5767]","[0.6363, 0.6369]"
"[0.5333, 0.816]","[0.4105, 0.7275]","[0.3602, 0.554]","[0.3969, 0.4175]","[0.4356, 0.3294]","[0.4273, 0.4621]","[0.441, 0.3306]","[0.4447, 0.2528]","[0.4454, 0.2089]","[0.5194, 0.4795]","[0.5204, 0.3772]","[0.4994, 0.5013]","[0.4847, 0.6095]","[0.6056, 0.5151]","[0.5929, 0.451]","[0.5672, 0.5692]","[0.5529, 0.6565]","[0.6899, 0.5624]","[0.667, 0.4942]","[0.6416, 0.5692]","[0.6334, 0.6293]"
"[0.5338, 0.8229]","[0.4086, 0.7293]","[0.3594, 0.5495]","[0.3988, 0.4104]","[0.4378, 0.3205]","[0.4294, 0.4614]","[0.444, 0.3346]","[0.4447, 0.2601]","[0.4409, 0.2143]","[0.5213, 0.4799]","[0.5219, 0.3793]","[0.4993, 0.5028]","[0.4843, 0.6088]","[0.6072, 0.5161]","[0.5932, 0.451]","[0.5668, 0.5704]","[0.5529, 0.6579]","[0.6917, 0.5636]","[0.6672, 0.494]","[0.6431, 0.5687]","[0.6377, 0.6285]"
"[0.5373, 0.8256]","[0.4104, 0.7279]","[0.3599, 0.5514]","[0.3987, 0.4125]","[0.4352, 0.3231]","[0.4292, 0.4642]","[0.4422, 0.3365]","[0.4466, 0.2608]","[0.4465, 0.2136]","[0.5206, 0.4829]","[0.5258, 0.379]","[0.5047, 0.5034]","[0.4881, 0.6115]","[0.6057, 0.5186]","[0.5994, 0.451]","[0.5709, 0.571]","[0.5521, 0.6623]","[0.6884, 0.5653]","[0.6733, 0.492]","[0.6464, 0.5662]","[0.6338, 0.6305]"
"[0.5376, 0.8231]","[0.4107, 0.7264]","[0.3587, 0.5535]","[0.3976, 0.4168]","[0.4399, 0.3333]","[0.4266, 0.4663]","[0.4413, 0.3348]","[0.4466, 0.2597]","[0.4473, 0.213]","[0.5195, 0.4841]","[0.524, 0.3794]","[0.5057, 0.503]","[0.4914, 0.6109]","[0.6056, 0.519]","[0.5983, 0.4529]","[0.5731, 0.573]","[0.557, 0.6626]","[0.689, 0.565]","[0.6743, 0.493]","[0.6494, 0.5682]","[0.6388, 0.6311]"
"[0.538, 0.8221]","[0.4091, 0.7262]","[0.3578, 0.5514]","[0.3964, 0.4126]","[0.4368, 0.3259]","[0.4261, 0.4647]","[0.4428, 0.3357]","[0.4473, 0.2617]","[0.4471, 0.2138]","[0.5203, 0.4817]","[0.5244, 0.3766]","[0.5052, 0.5023]","[0.4916, 0.611]","[0.6065, 0.5167]","[0.598, 0.4522]","[0.5717, 0.5748]","[0.5564, 0.6645]","[0.6897, 0.5634]","[0.6726, 0.4932]","[0.6464, 0.5714]","[0.6363, 0.6347]"
"[0.5391, 0.8176]","[0.4092, 0.7264]","[0.3581, 0.5531]","[0.3982, 0.4116]","[0.437, 0.3214]","[0.4276, 0.4647]","[0.4408, 0.3384]","[0.4443, 0.2644]","[0.4453, 0.2155]","[0.5197, 0.4819]","[0.5236, 0.3772]","[0.5036, 0.5026]","[0.4907, 0.6102]","[0.6051, 0.5169]","[0.5972, 0.4516]","[0.5707, 0.5753]","[0.5558, 0.6642]","[0.6879, 0.5633]","[0.6692, 0.4942]","[0.6455, 0.5723]","[0.6386, 0.6335]"
"[0.5336, 0.8086]","[0.4081, 0.7257]","[0.3567, 0.5545]","[0.3955, 0.4153]","[0.4371, 0.3301]","[0.424, 0.4556]","[0.4397, 0.3194]","[0.4444, 0.2476]","[0.4446, 0.2189]","[0.5168, 0.4752]","[0.5213, 0.3759]","[0.5017, 0.5025]","[0.4876, 0.6075]","[0.6022, 0.5123]","[0.5934, 0.4518]","[0.5674, 0.5749]","[0.5516, 0.6585]","[0.6855, 0.5605]","[0.6649, 0.4975]","[0.6411, 0.5769]","[0.634, 0.6331]"
"[0.5364, 0.8146]","[0.4064, 0.7228]","[0.3565, 0.5508]","[0.3958, 0.4136]","[0.4357, 0.3265]","[0.4209, 0.4565]","[0.4389, 0.3228]","[0.4426, 0.2551]","[0.4395, 0.2218]","[0.5143, 0.4748]","[0.517, 0.3784]","[0.5007, 0.5008]","[0.4874, 0.608]","[0.6017, 0.5096]","[0.592, 0.4553]","[0.5683, 0.5758]","[0.552, 0.6619]","[0.6861, 0.5546]","[0.6647, 0.5002]","[0.6419, 0.5787]","[0.6347, 0.6364]"
"[0.537, 0.815]","[0.4053, 0.7236]","[0.3542, 0.554]","[0.3932, 0.4174]","[0.4341, 0.3322]","[0.4213, 0.4556]","[0.4394, 0.3189]","[0.4429, 0.2497]","[0.4392, 0.2181]","[0.5135, 0.4752]","[0.5182, 0.3769]","[0.5017, 0.5012]","[0.4877, 0.6075]","[0.5994, 0.5107]","[0.5941, 0.4549]","[0.5686, 0.5762]","[0.55, 0.6609]","[0.683, 0.5563]","[0.6686, 0.4989]","[0.644, 0.577]","[0.6332, 0.6333]"
"[0.5386, 0.8168]","[0.4039, 0.7241]","[0.3535, 0.5525]","[0.3931, 0.4135]","[0.4353, 0.3274]","[0.4208, 0.457]","[0.4413, 0.318]","[0.4432, 0.2482]","[0.4379, 0.217]","[0.5144, 0.4755]","[0.515, 0.3769]","[0.5001, 0.5032]","[0.4892, 0.6119]","[0.6009, 0.5107]","[0.593, 0.4556]","[0.5682, 0.5782]","[0.5513, 0.6645]","[0.6847, 0.5554]","[0.6684, 0.4989]","[0.6442, 0.578]","[0.6349, 0.6352]"
"[0.5378, 0.8199]","[0.4041, 0.7255]","[0.3547, 0.5534]","[0.3948, 0.4137]","[0.4355, 0.3251]","[0.4202, 0.46]","[0.4396, 0.3231]","[0.4417, 0.2527]","[0.4376, 0.2175]","[0.5135, 0.4775]","[0.5146, 0.3773]","[0.4997, 0.5022]","[0.4892, 0.6094]","[0.6002, 0.5124]","[0.5935, 0.4531]","[0.5694, 0.5756]","[0.5534, 0.6621]","[0.6846, 0.557]","[0.6684, 0.4983]","[0.6448, 0.5767]","[0.6365, 0.634]"
"[0.5392, 0.8236]","[0.4059, 0.7283]","[0.3552, 0.5572]","[0.3962, 0.4174]","[0.4401, 0.329]","[0.4196, 0.467]","[0.4358, 0.3353]","[0.4397, 0.2627]","[0.4383, 0.2176]","[0.5132, 0.4826]","[0.5161, 0.3793]","[0.5021, 0.5021]","[0.4909, 0.6098]","[0.6003, 0.5159]","[0.5945, 0.4545]","[0.5705, 0.5758]","[0.5539, 0.6632]","[0.6853, 0.5592]","[0.6711, 0.499]","[0.6469, 0.5753]","[0.6363, 0.6331]"
"[0.5329, 0.8176]","[0.4023, 0.7273]","[0.3513, 0.549]","[0.3944, 0.4063]","[0.4349, 0.3148]","[0.4229, 0.4631]","[0.4378, 0.3382]","[0.4431, 0.2655]","[0.4445, 0.219]","[0.5167, 0.4804]","[0.521, 0.3734]","[0.4988, 0.4997]","[0.4835, 0.6056]","[0.6031, 0.5158]","[0.5951, 0.4522]","[0.5652, 0.5764]","[0.5474, 0.6622]","[0.6869, 0.5621]","[0.6687, 0.496]","[0.6419, 0.5751]","[0.6329, 0.6326]"
"[0.5331, 0.8118]","[0.4068, 0.7262]","[0.3529, 0.5514]","[0.3933, 0.4099]","[0.4343, 0.322]","[0.4232, 0.461]","[0.4349, 0.3314]","[0.442, 0.2563]","[0.4449, 0.2161]","[0.5164, 0.4793]","[0.522, 0.3751]","[0.501, 0.5012]","[0.4853, 0.6057]","[0.6024, 0.5156]","[0.5964, 0.4508]","[0.5676, 0.5739]","[0.549, 0.6588]","[0.6857, 0.5635]","[0.6675, 0.4964]","[0.6414, 0.5748]","[0.6315, 0.6326]"
"[0.5358, 0.8182]","[0.4081, 0.7286]","[0.3565, 0.5551]","[0.3961, 0.416]","[0.4312, 0.3265]","[0.4249, 0.4661]","[0.4374, 0.3437]","[0.4431, 0.2689]","[0.4437, 0.217]","[0.5169, 0.4826]","[0.5213, 0.3774]","[0.5016, 0.5005]","[0.4874, 0.6048]","[0.6028, 0.5172]","[0.5962, 0.4525]","[0.5683, 0.5743]","[0.5512, 0.6602]","[0.6864, 0.5637]","[0.6689, 0.4992]","[0.6417, 0.5769]","[0.6307, 0.635]"
"[0.5337, 0.8117]","[0.4062, 0.7279]","[0.3549, 0.5517]","[0.3965, 0.4101]","[0.4381, 0.3226]","[0.4224, 0.4646]","[0.4311, 0.3416]","[0.4406, 0.2643]","[0.4478, 0.2148]","[0.5159, 0.481]","[0.5201, 0.3756]","[0.5002, 0.5006]","[0.4852, 0.6073]","[0.6026, 0.5164]","[0.5951, 0.4513]","[0.5661, 0.574]","[0.5474, 0.6615]","[0.6862, 0.5636]","[0.668, 0.4972]","[0.6419, 0.5756]","[0.6317, 0.6347]"
"[0.531, 0.811]","[0.4059, 0.7248]","[0.3568, 0.5488]","[0.3963, 0.4079]","[0.4341, 0.3179]","[0.4218, 0.4621]","[0.4307, 0.3399]","[0.441, 0.2627]","[0.4486, 0.2158]","[0.5149, 0.4795]","[0.5196, 0.3747]","[0.4993, 0.497]","[0.483, 0.6029]","[0.602, 0.5152]","[0.594, 0.4501]","[0.5651, 0.5715]","[0.5452, 0.6591]","[0.6852, 0.5629]","[0.6661, 0.4962]","[0.6399, 0.5758]","[0.6287, 0.6373]"
"[0.5313, 0.81]","[0.4064, 0.7262]","[0.3574, 0.551]","[0.3961, 0.411]","[0.4297, 0.3213]","[0.4237, 0.4605]","[0.4328, 0.3323]","[0.441, 0.2551]","[0.4454, 0.2156]","[0.5157, 0.4786]","[0.5197, 0.3736]","[0.4992, 0.4964]","[0.4828, 0.6029]","[0.6022, 0.515]","[0.5928, 0.4506]","[0.5657, 0.5717]","[0.5478, 0.6585]","[0.6853, 0.5627]","[0.6636, 0.4993]","[0.6393, 0.5774]","[0.6311, 0.6362]"
"[0.5317, 0.8106]","[0.407, 0.7246]","[0.3581, 0.5497]","[0.3982, 0.411]","[0.4312, 0.3225]","[0.4245, 0.4573]","[0.4343, 0.3276]","[0.4415, 0.254]","[0.4446, 0.2178]","[0.5163, 0.4766]","[0.5207, 0.373]","[0.5024, 0.4973]","[0.4873, 0.6038]","[0.6026, 0.5134]","[0.5943, 0.4508]","[0.5688, 0.5734]","[0.5508, 0.6599]","[0.6857, 0.5606]","[0.6663, 0.4978]","[0.6426, 0.5765]","[0.6336, 0.6348]"
"[0.5345, 0.8158]","[0.4074, 0.7241]","[0.3564, 0.5509]","[0.3955, 0.4122]","[0.4322, 0.3243]","[0.423, 0.4594]","[0.4351, 0.3322]","[0.4407, 0.2582]","[0.4408, 0.2147]","[0.5153, 0.4781]","[0.521, 0.3742]","[0.5042, 0.497]","[0.4902, 0.6022]","[0.6015, 0.5137]","[0.5958, 0.4522]","[0.5699, 0.5738]","[0.5515, 0.6592]","[0.6847, 0.5599]","[0.6691, 0.4974]","[0.644, 0.5747]","[0.6333, 0.6326]"
"[0.5357, 0.8172]","[0.4048, 0.7241]","[0.3531, 0.5501]","[0.3924, 0.4111]","[0.4284, 0.3229]","[0.4243, 0.4651]","[0.4368, 0.3418]","[0.4424, 0.2663]","[0.4434, 0.2154]","[0.5166, 0.4821]","[0.5201, 0.3753]","[0.5016, 0.4981]","[0.4882, 0.6037]","[0.6021, 0.5164]","[0.5933, 0.4517]","[0.5659, 0.5734]","[0.5492, 0.6599]","[0.6852, 0.5617]","[0.666, 0.4971]","[0.6416, 0.574]","[0.6337, 0.6322]"
"[0.5357, 0.8132]","[0.4042, 0.7277]","[0.3522, 0.5498]","[0.3945, 0.4065]","[0.4382, 0.3183]","[0.4229, 0.4655]","[0.4327, 0.3419]","[0.4418, 0.2641]","[0.4489, 0.2159]","[0.5167, 0.4812]","[0.5207, 0.3735]","[0.5021, 0.4995]","[0.4901, 0.6052]","[0.603, 0.5153]","[0.5957, 0.4493]","[0.5678, 0.5736]","[0.5521, 0.66]","[0.6864, 0.5612]","[0.6657, 0.4972]","[0.6409, 0.5769]","[0.6339, 0.6347]"
"[0.5327, 0.8122]","[0.4058, 0.7272]","[0.3549, 0.5497]","[0.3951, 0.4082]","[0.4352, 0.3196]","[0.4237, 0.4634]","[0.4327, 0.3377]","[0.4419, 0.2595]","[0.4487, 0.2147]","[0.5159, 0.4791]","[0.5207, 0.3735]","[0.5025, 0.4994]","[0.4897, 0.6058]","[0.6015, 0.5138]","[0.5956, 0.4493]","[0.5679, 0.5731]","[0.5511, 0.6603]","[0.6842, 0.5607]","[0.6654, 0.4963]","[0.6395, 0.5761]","[0.6303, 0.6352]"
"[0.5306, 0.8129]","[0.4056, 0.7273]","[0.3547, 0.5517]","[0.3937, 0.4112]","[0.4328, 0.3243]","[0.4218, 0.4652]","[0.4308, 0.3401]","[0.4407, 0.2622]","[0.4486, 0.2152]","[0.5138, 0.4813]","[0.5205, 0.3739]","[0.5022, 0.4975]","[0.4891, 0.6038]","[0.6001, 0.5158]","[0.5953, 0.4498]","[0.5683, 0.5717]","[0.5521, 0.6592]","[0.6838, 0.5621]","[0.6673, 0.4951]","[0.6409, 0.5728]","[0.6309, 0.6328]"
"[0.5311, 0.8106]","[0.4067, 0.7252]","[0.3536, 0.5494]","[0.3938, 0.4105]","[0.4367, 0.3275]","[0.4219, 0.4613]","[0.4315, 0.3326]","[0.4392, 0.2549]","[0.446, 0.2125]","[0.5146, 0.4783]","[0.5179, 0.3759]","[0.5, 0.5032]","[0.4896, 0.6091]","[0.6012, 0.5132]","[0.5916, 0.4519]","[0.5682, 0.5748]","[0.5563, 0.6581]","[0.6851, 0.5595]","[0.6628, 0.4962]","[0.6406, 0.5741]","[0.6365, 0.6287]"
"[0.5305, 0.8127]","[0.4061, 0.7222]","[0.3554, 0.5478]","[0.396, 0.4105]","[0.4345, 0.324]","[0.4235, 0.4603]","[0.439, 0.3306]","[0.4432, 0.2558]","[0.4425, 0.2119]","[0.5161, 0.4786]","[0.5179, 0.3774]","[0.4998, 0.5064]","[0.4888, 0.613]","[0.6025, 0.5143]","[0.5913, 0.4548]","[0.5675, 0.5788]","[0.5545, 0.6618]","[0.6857, 0.5608]","[0.664, 0.4982]","[0.6415, 0.5764]","[0.6366, 0.6305]"
"[0.5317, 0.8141]","[0.405, 0.7212]","[0.356, 0.5457]","[0.3973, 0.4053]","[0.4327, 0.3141]","[0.4217, 0.4607]","[0.439, 0.3302]","[0.4439, 0.2558]","[0.4423, 0.2123]","[0.516, 0.4785]","[0.5188, 0.3789]","[0.5013, 0.508]","[0.4895, 0.6143]","[0.6033, 0.5143]","[0.5954, 0.4531]","[0.5699, 0.5784]","[0.5545, 0.6629]","[0.687, 0.5609]","[0.6682, 0.5001]","[0.6437, 0.5801]","[0.6362, 0.6354]"
"[0.5371, 0.8183]","[0.4058, 0.723]","[0.3561, 0.5455]","[0.3984, 0.4048]","[0.4389, 0.3137]","[0.4226, 0.4682]","[0.4364, 0.3477]","[0.4423, 0.2738]","[0.4438, 0.2149]","[0.5168, 0.4824]","[0.5194, 0.3792]","[0.501, 0.5034]","[0.4889, 0.6101]","[0.6034, 0.5153]","[0.5952, 0.453]","[0.5692, 0.5772]","[0.5538, 0.6638]","[0.6865, 0.5593]","[0.6671, 0.499]","[0.6438, 0.5788]","[0.6375, 0.6362]"
"[0.5388, 0.814]","[0.4085, 0.7293]","[0.3561, 0.5517]","[0.3979, 0.406]","[0.4417, 0.3138]","[0.4195, 0.4669]","[0.4302, 0.3439]","[0.4404, 0.2663]","[0.4489, 0.2129]","[0.5145, 0.4798]","[0.5198, 0.3775]","[0.5025, 0.5055]","[0.4909, 0.6112]","[0.6013, 0.5118]","[0.5973, 0.4506]","[0.569, 0.5766]","[0.5511, 0.6635]","[0.6839, 0.5559]","[0.667, 0.4952]","[0.6423, 0.5786]","[0.6333, 0.6383]"
"[0.5378, 0.8098]","[0.4071, 0.7268]","[0.3544, 0.5509]","[0.3969, 0.4071]","[0.4451, 0.3185]","[0.4206, 0.4674]","[0.4328, 0.3435]","[0.4435, 0.2659]","[0.4518, 0.215]","[0.514, 0.481]","[0.5205, 0.3761]","[0.5041, 0.4997]","[0.4918, 0.6069]","[0.6006, 0.5138]","[0.5964, 0.4507]","[0.57, 0.5728]","[0.5529, 0.6606]","[0.684, 0.5589]","[0.6672, 0.4966]","[0.6428, 0.577]","[0.6336, 0.6373]"
"[0.5357, 0.809]","[0.4076, 0.7297]","[0.3561, 0.5545]","[0.3986, 0.4123]","[0.4423, 0.3244]","[0.4229, 0.4643]","[0.4353, 0.338]","[0.4444, 0.2604]","[0.4509, 0.2139]","[0.5163, 0.479]","[0.5196, 0.3744]","[0.5034, 0.5011]","[0.4922, 0.6079]","[0.6027, 0.5127]","[0.5945, 0.4504]","[0.5696, 0.5748]","[0.5539, 0.6616]","[0.6858, 0.5581]","[0.665, 0.4967]","[0.6409, 0.5795]","[0.6326, 0.6383]"
"[0.5392, 0.812]","[0.4122, 0.7307]","[0.3592, 0.5577]","[0.4004, 0.4184]","[0.4446, 0.3327]","[0.4245, 0.4643]","[0.4388, 0.3365]","[0.447, 0.2603]","[0.4516, 0.2155]","[0.5176, 0.4798]","[0.523, 0.3747]","[0.5073, 0.4996]","[0.4956, 0.6068]","[0.6039, 0.5135]","[0.5967, 0.454]","[0.5733, 0.5751]","[0.5582, 0.6596]","[0.6871, 0.5587]","[0.6678, 0.5004]","[0.6441, 0.5798]","[0.6361, 0.6365]"
"[0.5472, 0.819]","[0.4147, 0.7337]","[0.3602, 0.5589]","[0.4015, 0.4186]","[0.444, 0.3319]","[0.4263, 0.4706]","[0.4394, 0.3453]","[0.4475, 0.269]","[0.453, 0.2149]","[0.5211, 0.4842]","[0.5262, 0.377]","[0.5098, 0.5014]","[0.4991, 0.6085]","[0.6082, 0.5161]","[0.602, 0.4543]","[0.5774, 0.5753]","[0.5632, 0.6613]","[0.6919, 0.5594]","[0.6744, 0.4989]","[0.6514, 0.577]","[0.6453, 0.6346]"
"[0.5474, 0.8216]","[0.4167, 0.7356]","[0.3623, 0.5553]","[0.4031, 0.4123]","[0.4487, 0.3228]","[0.4279, 0.4712]","[0.4382, 0.3483]","[0.4483, 0.2707]","[0.4576, 0.2154]","[0.5234, 0.4838]","[0.5275, 0.3759]","[0.5096, 0.5007]","[0.4978, 0.6072]","[0.6111, 0.5163]","[0.6023, 0.4548]","[0.5767, 0.5769]","[0.5622, 0.6628]","[0.6947, 0.561]","[0.6743, 0.4995]","[0.6492, 0.579]","[0.6412, 0.6368]"
"[0.5462, 0.8225]","[0.4157, 0.7356]","[0.361, 0.5556]","[0.4031, 0.4127]","[0.4534, 0.3268]","[0.4251, 0.4706]","[0.4368, 0.3458]","[0.4494, 0.2674]","[0.4614, 0.2163]","[0.5231, 0.4832]","[0.5281, 0.3778]","[0.5115, 0.5056]","[0.5, 0.614]","[0.6125, 0.5158]","[0.6056, 0.4548]","[0.5798, 0.578]","[0.5639, 0.6653]","[0.6968, 0.5607]","[0.677, 0.4993]","[0.6516, 0.5794]","[0.6422, 0.6386]"
"[0.5473, 0.8224]","[0.4159, 0.7368]","[0.3599, 0.5567]","[0.4033, 0.414]","[0.4558, 0.3305]","[0.4244, 0.473]","[0.4375, 0.3483]","[0.4503, 0.2697]","[0.4618, 0.2136]","[0.5223, 0.4853]","[0.5284, 0.3793]","[0.5118, 0.5069]","[0.5002, 0.615]","[0.6115, 0.5172]","[0.6056, 0.4546]","[0.5796, 0.5782]","[0.5634, 0.6654]","[0.6961, 0.5615]","[0.6774, 0.4996]","[0.6513, 0.5798]","[0.6416, 0.6388]"
"[0.5506, 0.8234]","[0.4181, 0.7313]","[0.3622, 0.556]","[0.4007, 0.4132]","[0.4437, 0.3231]","[0.4302, 0.4786]","[0.4393, 0.3604]","[0.4488, 0.2837]","[0.4577, 0.221]","[0.5254, 0.4899]","[0.5313, 0.3789]","[0.5121, 0.4998]","[0.4986, 0.606]","[0.6129, 0.5201]","[0.6079, 0.4512]","[0.5791, 0.5713]","[0.5618, 0.6609]","[0.6951, 0.5631]","[0.6792, 0.4962]","[0.6545, 0.5701]","[0.6457, 0.6306]"
"[0.5471, 0.8185]","[0.4151, 0.7291]","[0.3654, 0.5509]","[0.4102, 0.4046]","[0.4557, 0.3073]","[0.4318, 0.4732]","[0.4416, 0.3595]","[0.449, 0.2821]","[0.4562, 0.2199]","[0.527, 0.4847]","[0.5293, 0.3766]","[0.5093, 0.5015]","[0.4987, 0.607]","[0.6132, 0.5171]","[0.607, 0.4487]","[0.5766, 0.5728]","[0.5618, 0.6618]","[0.6957, 0.5618]","[0.68, 0.4955]","[0.651, 0.5733]","[0.64, 0.6332]"
"[0.5464, 0.8245]","[0.413, 0.736]","[0.3599, 0.5562]","[0.4056, 0.4108]","[0.4564, 0.3181]","[0.4224, 0.4809]","[0.4317, 0.3692]","[0.442, 0.2877]","[0.4536, 0.22]","[0.5197, 0.4903]","[0.5262, 0.3776]","[0.5091, 0.5039]","[0.4999, 0.6113]","[0.6082, 0.5217]","[0.6079, 0.4486]","[0.5769, 0.5719]","[0.5595, 0.6625]","[0.6909, 0.5671]","[0.6826, 0.4941]","[0.6534, 0.5704]","[0.6391, 0.6331]"
"[0.5482, 0.8228]","[0.4147, 0.737]","[0.3599, 0.5616]","[0.405, 0.4166]","[0.4551, 0.3241]","[0.4223, 0.4825]","[0.4316, 0.3664]","[0.4425, 0.2843]","[0.4537, 0.2202]","[0.5194, 0.4923]","[0.5247, 0.3791]","[0.5071, 0.5011]","[0.4975, 0.607]","[0.6073, 0.5222]","[0.6059, 0.4502]","[0.5756, 0.5724]","[0.5596, 0.6626]","[0.6911, 0.5658]","[0.6817, 0.4947]","[0.6521, 0.5707]","[0.638, 0.6337]"
"[0.5442, 0.8245]","[0.4137, 0.7375]","[0.361, 0.5592]","[0.4061, 0.4135]","[0.4531, 0.3178]","[0.4238, 0.481]","[0.433, 0.3663]","[0.4428, 0.2857]","[0.4529, 0.2216]","[0.5209, 0.4916]","[0.5244, 0.3774]","[0.5047, 0.5011]","[0.4938, 0.6066]","[0.609, 0.5228]","[0.6034, 0.4502]","[0.5725, 0.574]","[0.557, 0.6635]","[0.6932, 0.5675]","[0.6811, 0.4944]","[0.6505, 0.5712]","[0.637, 0.6327]"
"[0.5488, 0.8247]","[0.4146, 0.7359]","[0.3617, 0.557]","[0.4052, 0.4103]","[0.4523, 0.3141]","[0.4246, 0.4835]","[0.4344, 0.3671]","[0.4441, 0.2848]","[0.4536, 0.2185]","[0.5208, 0.494]","[0.5252, 0.3797]","[0.5058, 0.5019]","[0.4945, 0.6079]","[0.6085, 0.5244]","[0.6047, 0.4523]","[0.5739, 0.5743]","[0.5583, 0.6637]","[0.6921, 0.568]","[0.6825, 0.4941]","[0.6537, 0.5691]","[0.6409, 0.6309]"
"[0.5447, 0.8232]","[0.4141, 0.7343]","[0.3618, 0.5557]","[0.4053, 0.4123]","[0.453, 0.3193]","[0.425, 0.477]","[0.4361, 0.3593]","[0.4451, 0.2787]","[0.4535, 0.2179]","[0.5214, 0.4896]","[0.5249, 0.3784]","[0.506, 0.503]","[0.4949, 0.6101]","[0.6096, 0.5222]","[0.6037, 0.453]","[0.574, 0.5754]","[0.558, 0.6641]","[0.6936, 0.5679]","[0.6815, 0.4944]","[0.6535, 0.5704]","[0.6414, 0.6317]"
"[0.5415, 0.8227]","[0.413, 0.7316]","[0.3608, 0.5545]","[0.4028, 0.412]","[0.448, 0.3199]","[0.4247, 0.4745]","[0.4332, 0.3578]","[0.4429, 0.2788]","[0.4528, 0.2162]","[0.5205, 0.4874]","[0.5243, 0.3799]","[0.5065, 0.5057]","[0.4958, 0.6121]","[0.6078, 0.5199]","[0.6021, 0.4555]","[0.5727, 0.578]","[0.5562, 0.6654]","[0.6898, 0.5653]","[0.675, 0.496]","[0.6484, 0.5739]","[0.6378, 0.6347]"
"[0.5405, 0.8217]","[0.4101, 0.7303]","[0.3609, 0.5499]","[0.4049, 0.4056]","[0.4482, 0.3122]","[0.4232, 0.4732]","[0.4329, 0.3561]","[0.4433, 0.2775]","[0.4531, 0.2162]","[0.5193, 0.4866]","[0.5257, 0.3801]","[0.5075, 0.5064]","[0.4953, 0.6133]","[0.6065, 0.5196]","[0.6027, 0.4549]","[0.5735, 0.5781]","[0.5565, 0.6666]","[0.6891, 0.5653]","[0.6746, 0.4956]","[0.6486, 0.5743]","[0.6384, 0.6354]"
"[0.5404, 0.8234]","[0.4096, 0.729]","[0.3618, 0.549]","[0.4053, 0.4059]","[0.4458, 0.3115]","[0.4231, 0.4731]","[0.4341, 0.3556]","[0.4442, 0.2769]","[0.4533, 0.2167]","[0.519, 0.4875]","[0.5256, 0.3805]","[0.5073, 0.5073]","[0.4957, 0.6146]","[0.6061, 0.5214]","[0.602, 0.4569]","[0.573, 0.5798]","[0.5571, 0.6684]","[0.6891, 0.5678]","[0.6758, 0.4978]","[0.6499, 0.5751]","[0.6398, 0.6353]"
"[0.5411, 0.8213]","[0.4093, 0.7286]","[0.3584, 0.5503]","[0.4019, 0.4083]","[0.4478, 0.318]","[0.4193, 0.4736]","[0.4311, 0.3556]","[0.4429, 0.2774]","[0.4541, 0.2184]","[0.5162, 0.4873]","[0.5231, 0.3793]","[0.5071, 0.5044]","[0.4962, 0.611]","[0.6047, 0.5198]","[0.5997, 0.4548]","[0.5738, 0.5787]","[0.5587, 0.667]","[0.6882, 0.565]","[0.6742, 0.4961]","[0.6504, 0.575]","[0.6416, 0.6357]"
"[0.5415, 0.8167]","[0.4104, 0.7303]","[0.358, 0.5546]","[0.3997, 0.4126]","[0.4438, 0.323]","[0.421, 0.4716]","[0.4324, 0.3511]","[0.4437, 0.2724]","[0.454, 0.2193]","[0.5162, 0.4845]","[0.5212, 0.3767]","[0.5055, 0.5018]","[0.4948, 0.6105]","[0.6033, 0.5166]","[0.5984, 0.4524]","[0.5733, 0.5754]","[0.5587, 0.6646]","[0.6862, 0.5612]","[0.6709, 0.4959]","[0.6471, 0.5745]","[0.6384, 0.6351]"
"[0.5337, 0.8155]","[0.4081, 0.7284]","[0.3596, 0.5518]","[0.4034, 0.4105]","[0.4458, 0.3191]","[0.4253, 0.466]","[0.437, 0.3445]","[0.4468, 0.2651]","[0.4544, 0.2169]","[0.5185, 0.4835]","[0.5236, 0.3768]","[0.5041, 0.4979]","[0.4891, 0.6037]","[0.6048, 0.5189]","[0.5994, 0.4558]","[0.5713, 0.5751]","[0.5533, 0.6615]","[0.6887, 0.5652]","[0.6725, 0.4955]","[0.6469, 0.5718]","[0.6363, 0.6311]"
"[0.5368, 0.8154]","[0.4086, 0.7303]","[0.3564, 0.5553]","[0.3995, 0.4158]","[0.448, 0.3349]","[0.4243, 0.4664]","[0.4349, 0.343]","[0.4444, 0.2616]","[0.4516, 0.2141]","[0.5184, 0.4829]","[0.5222, 0.3746]","[0.5046, 0.4977]","[0.4914, 0.6059]","[0.6051, 0.518]","[0.5985, 0.4531]","[0.5726, 0.5734]","[0.5567, 0.6609]","[0.6898, 0.5655]","[0.6729, 0.4961]","[0.6485, 0.5728]","[0.6388, 0.6331]"
"[0.5351, 0.8127]","[0.4077, 0.7288]","[0.3557, 0.554]","[0.3986, 0.4139]","[0.4459, 0.331]","[0.4251, 0.4621]","[0.4359, 0.3351]","[0.4454, 0.255]","[0.4532, 0.2136]","[0.5186, 0.4806]","[0.5231, 0.3737]","[0.5041, 0.4974]","[0.4901, 0.6036]","[0.6049, 0.5169]","[0.5993, 0.4543]","[0.5731, 0.5748]","[0.5563, 0.66]","[0.6887, 0.5645]","[0.6726, 0.4977]","[0.6477, 0.5753]","[0.6374, 0.6335]"
"[0.5329, 0.8104]","[0.4058, 0.7265]","[0.3547, 0.5529]","[0.3964, 0.4138]","[0.4376, 0.331]","[0.4245, 0.4567]","[0.435, 0.3257]","[0.4436, 0.2524]","[0.4493, 0.22]","[0.5164, 0.4767]","[0.523, 0.3748]","[0.5033, 0.5002]","[0.4876, 0.6044]","[0.6019, 0.5135]","[0.5974, 0.4542]","[0.5703, 0.5754]","[0.5517, 0.6585]","[0.6849, 0.5614]","[0.6697, 0.4998]","[0.6453, 0.5776]","[0.6356, 0.6322]"
"[0.5371, 0.8187]","[0.406, 0.7261]","[0.3553, 0.5518]","[0.3981, 0.4136]","[0.4432, 0.3297]","[0.4244, 0.4669]","[0.4367, 0.3453]","[0.4422, 0.2703]","[0.4443, 0.2154]","[0.516, 0.4831]","[0.5204, 0.3801]","[0.501, 0.4996]","[0.4872, 0.6037]","[0.6013, 0.5165]","[0.5953, 0.4575]","[0.5676, 0.5761]","[0.5507, 0.6606]","[0.6847, 0.5609]","[0.6691, 0.4975]","[0.645, 0.5723]","[0.6372, 0.6285]"
"[0.5366, 0.8137]","[0.4059, 0.7277]","[0.3554, 0.5508]","[0.3987, 0.4082]","[0.4443, 0.3202]","[0.4234, 0.4662]","[0.433, 0.3409]","[0.4422, 0.262]","[0.4499, 0.2131]","[0.5161, 0.4822]","[0.5222, 0.377]","[0.5009, 0.4995]","[0.4848, 0.605]","[0.6014, 0.5164]","[0.5966, 0.4544]","[0.5664, 0.575]","[0.5474, 0.6613]","[0.6838, 0.5623]","[0.6684, 0.4972]","[0.6434, 0.5739]","[0.634, 0.6314]"
"[0.5341, 0.8137]","[0.4055, 0.7268]","[0.3531, 0.5535]","[0.395, 0.4153]","[0.4429, 0.3357]","[0.421, 0.4646]","[0.4299, 0.3382]","[0.4403, 0.2592]","[0.4493, 0.2128]","[0.5137, 0.4811]","[0.5205, 0.377]","[0.501, 0.4981]","[0.4853, 0.6036]","[0.6003, 0.5153]","[0.5943, 0.4547]","[0.5666, 0.5733]","[0.5482, 0.6579]","[0.6838, 0.5612]","[0.6669, 0.4983]","[0.6421, 0.574]","[0.6325, 0.6306]"
"[0.5317, 0.8113]","[0.4042, 0.726]","[0.3527, 0.5552]","[0.3946, 0.4172]","[0.4397, 0.3361]","[0.4211, 0.4612]","[0.434, 0.3296]","[0.4425, 0.2531]","[0.4471, 0.214]","[0.5137, 0.4798]","[0.52, 0.3763]","[0.5009, 0.4995]","[0.4856, 0.6039]","[0.6001, 0.5155]","[0.5945, 0.4547]","[0.5669, 0.5746]","[0.5484, 0.6577]","[0.6841, 0.5624]","[0.6676, 0.4991]","[0.6425, 0.5761]","[0.6326, 0.6316]"
"[0.5345, 0.8192]","[0.4052, 0.7273]","[0.3528, 0.555]","[0.3956, 0.4183]","[0.443, 0.3374]","[0.4192, 0.4652]","[0.4331, 0.3396]","[0.441, 0.2629]","[0.4455, 0.21]","[0.5126, 0.4826]","[0.5188, 0.3773]","[0.5001, 0.5011]","[0.4864, 0.6043]","[0.5994, 0.5167]","[0.5945, 0.4545]","[0.5678, 0.5755]","[0.5512, 0.6573]","[0.6842, 0.5621]","[0.6684, 0.4974]","[0.6447, 0.5736]","[0.6365, 0.6275]"
"[0.5358, 0.8151]","[0.4053, 0.7273]","[0.3537, 0.556]","[0.3936, 0.4165]","[0.4343, 0.3337]","[0.4179, 0.4614]","[0.4307, 0.331]","[0.4419, 0.2549]","[0.4499, 0.2151]","[0.5115, 0.4797]","[0.5189, 0.3773]","[0.5016, 0.5027]","[0.4878, 0.605]","[0.5988, 0.5145]","[0.5961, 0.4547]","[0.5696, 0.5781]","[0.552, 0.6591]","[0.6841, 0.5604]","[0.6685, 0.4995]","[0.6457, 0.579]","[0.6381, 0.6318]"
"[0.5356, 0.819]","[0.4055, 0.7266]","[0.3536, 0.5556]","[0.3944, 0.4166]","[0.4368, 0.3304]","[0.4177, 0.464]","[0.4312, 0.3391]","[0.4395, 0.2643]","[0.4441, 0.2139]","[0.511, 0.4812]","[0.5192, 0.3772]","[0.5016, 0.5024]","[0.488, 0.6053]","[0.5984, 0.5154]","[0.5961, 0.4545]","[0.5692, 0.5765]","[0.5518, 0.6575]","[0.6836, 0.5608]","[0.6694, 0.4996]","[0.6455, 0.5767]","[0.6372, 0.6288]"
"[0.5359, 0.8197]","[0.4063, 0.7275]","[0.3541, 0.5535]","[0.3931, 0.4126]","[0.4329, 0.3256]","[0.4172, 0.4679]","[0.4285, 0.347]","[0.4391, 0.2708]","[0.4472, 0.2163]","[0.5119, 0.4837]","[0.5193, 0.3791]","[0.502, 0.503]","[0.4882, 0.6087]","[0.6003, 0.5172]","[0.5951, 0.4548]","[0.5684, 0.5766]","[0.5509, 0.6626]","[0.6848, 0.5628]","[0.6677, 0.4986]","[0.6432, 0.5764]","[0.634, 0.6344]"
"[0.5344, 0.8165]","[0.4045, 0.7301]","[0.3536, 0.5524]","[0.3977, 0.4106]","[0.4445, 0.3204]","[0.4186, 0.4633]","[0.4323, 0.3347]","[0.4418, 0.2582]","[0.4487, 0.2133]","[0.5151, 0.4781]","[0.5195, 0.3779]","[0.4987, 0.5001]","[0.4814, 0.6047]","[0.6032, 0.5121]","[0.594, 0.4549]","[0.566, 0.5758]","[0.5457, 0.6609]","[0.6872, 0.558]","[0.6657, 0.5018]","[0.6387, 0.584]","[0.6269, 0.6432]"
"[0.5345, 0.816]","[0.404, 0.7228]","[0.3547, 0.5501]","[0.3969, 0.4103]","[0.4369, 0.3206]","[0.4209, 0.464]","[0.4346, 0.3409]","[0.4424, 0.269]","[0.4454, 0.2163]","[0.5164, 0.4782]","[0.5201, 0.3792]","[0.5009, 0.4995]","[0.4841, 0.6044]","[0.6038, 0.5112]","[0.5949, 0.4571]","[0.5688, 0.5779]","[0.5498, 0.6635]","[0.687, 0.5557]","[0.6668, 0.5021]","[0.6421, 0.5829]","[0.6326, 0.6414]"
"[0.5349, 0.8156]","[0.4068, 0.7283]","[0.3546, 0.5538]","[0.3943, 0.4145]","[0.438, 0.3318]","[0.4186, 0.466]","[0.4342, 0.335]","[0.4443, 0.258]","[0.4498, 0.2123]","[0.5143, 0.4811]","[0.5236, 0.3796]","[0.5075, 0.4998]","[0.4911, 0.6035]","[0.6029, 0.514]","[0.6008, 0.4549]","[0.5752, 0.5755]","[0.5541, 0.6607]","[0.6869, 0.559]","[0.6719, 0.5015]","[0.6478, 0.581]","[0.6361, 0.6397]"
"[0.5379, 0.8182]","[0.4073, 0.7213]","[0.3568, 0.5531]","[0.3955, 0.415]","[0.4393, 0.3309]","[0.4157, 0.4728]","[0.4301, 0.3494]","[0.4428, 0.2729]","[0.4521, 0.2151]","[0.5124, 0.4851]","[0.5219, 0.3796]","[0.5086, 0.5006]","[0.4952, 0.6069]","[0.6026, 0.5152]","[0.6003, 0.455]","[0.5762, 0.5767]","[0.5572, 0.6636]","[0.6872, 0.5577]","[0.6728, 0.5006]","[0.6485, 0.5807]","[0.6366, 0.6401]"
"[0.5404, 0.8149]","[0.4094, 0.7254]","[0.3576, 0.5548]","[0.4004, 0.4151]","[0.4469, 0.328]","[0.4185, 0.4724]","[0.4314, 0.35]","[0.4437, 0.2727]","[0.4536, 0.2171]","[0.5143, 0.4846]","[0.5234, 0.3806]","[0.5079, 0.5015]","[0.4928, 0.6068]","[0.6031, 0.5153]","[0.6011, 0.4534]","[0.575, 0.5757]","[0.5541, 0.6637]","[0.6864, 0.5589]","[0.6728, 0.4978]","[0.6473, 0.5789]","[0.6332, 0.6402]"
"[0.5429, 0.8189]","[0.4129, 0.7305]","[0.3623, 0.5543]","[0.4035, 0.4115]","[0.4417, 0.3191]","[0.4228, 0.4726]","[0.4348, 0.3537]","[0.4456, 0.2749]","[0.4537, 0.2177]","[0.5181, 0.4856]","[0.524, 0.3774]","[0.5082, 0.5005]","[0.4948, 0.6052]","[0.6066, 0.5173]","[0.603, 0.4533]","[0.5761, 0.5774]","[0.5559, 0.6636]","[0.6896, 0.5618]","[0.6746, 0.4973]","[0.6494, 0.5802]","[0.6369, 0.6403]"