"[0.5806, 0.7678]","[0.4396, 0.7115]","[0.3333, 0.5908]","[0.3778, 0.472]","[0.4937, 0.4683]","[0.392, 0.4668]","[0.3805, 0.3591]","[0.3981, 0.4658]","[0.4032, 0.5088]","[0.4813, 0.463]","[0.4729, 0.3696]","[0.4809, 0.4905]","[0.4758, 0.5147]","[0.5645, 0.4672]","[0.5674, 0.3939]","[0.5655, 0.5093]","[0.5586, 0.5353]","[0.6513, 0.4822]","[0.6473, 0.416]","[0.6412, 0.4974]","[0.6423, 0.5306]"
"[0.5854, 0.7651]","[0.4452, 0.711]","[0.3396, 0.593]","[0.3805, 0.4743]","[0.4801, 0.4684]","[0.3956, 0.462]","[0.3807, 0.3544]","[0.4022, 0.4623]","[0.412, 0.5113]","[0.4857, 0.4625]","[0.4719, 0.3613]","[0.4822, 0.4836]","[0.4808, 0.5117]","[0.5687, 0.4691]","[0.5644, 0.3852]","[0.5644, 0.5042]","[0.5629, 0.5328]","[0.6542, 0.4856]","[0.647, 0.4146]","[0.6385, 0.4965]","[0.6393, 0.5293]"
"[0.5884, 0.7663]","[0.4453, 0.7121]","[0.3382, 0.5927]","[0.3786, 0.4725]","[0.4783, 0.4717]","[0.3952, 0.4588]","[0.3874, 0.3518]","[0.4028, 0.464]","[0.4069, 0.5092]","[0.4864, 0.4614]","[0.4765, 0.3609]","[0.4811, 0.4864]","[0.4766, 0.5095]","[0.5697, 0.4683]","[0.5682, 0.3844]","[0.5642, 0.5052]","[0.5603, 0.5289]","[0.655, 0.484]","[0.6498, 0.4158]","[0.6395, 0.5006]","[0.6397, 0.5305]"
"[0.5881, 0.7695]","[0.4453, 0.7138]","[0.3372, 0.5893]","[0.3773, 0.4696]","[0.4789, 0.4738]","[0.3969, 0.4601]","[0.388, 0.3511]","[0.4031, 0.4642]","[0.4069, 0.51]","[0.4877, 0.4617]","[0.4763, 0.3613]","[0.481, 0.4876]","[0.4775, 0.5108]","[0.5713, 0.4691]","[0.5677, 0.3844]","[0.5646, 0.5046]","[0.5623, 0.5282]","[0.6568, 0.4858]","[0.6486, 0.4171]","[0.6388, 0.5011]","[0.6408, 0.5306]"
"[0.59, 0.7683]","[0.4487, 0.711]","[0.3417, 0.589]","[0.3829, 0.4712]","[0.4855, 0.4767]","[0.3984, 0.4576]","[0.3901, 0.3507]","[0.4053, 0.4653]","[0.4082, 0.508]","[0.4891, 0.4603]","[0.4781, 0.3614]","[0.4828, 0.4879]","[0.4781, 0.5088]","[0.5725, 0.4681]","[0.5695, 0.385]","[0.5664, 0.5044]","[0.563, 0.5265]","[0.6579, 0.4849]","[0.6504, 0.4165]","[0.6408, 0.4995]","[0.6425, 0.5283]"
"[0.5903, 0.7701]","[0.4463, 0.7108]","[0.3388, 0.5888]","[0.3823, 0.4711]","[0.486, 0.475]","[0.4006, 0.4557]","[0.3941, 0.3514]","[0.4065, 0.4645]","[0.409, 0.5052]","[0.4917, 0.459]","[0.4837, 0.3622]","[0.485, 0.4886]","[0.4802, 0.5084]","[0.5742, 0.4668]","[0.5745, 0.3861]","[0.5681, 0.5053]","[0.5638, 0.5259]","[0.6584, 0.4838]","[0.6538, 0.4155]","[0.6423, 0.4993]","[0.6419, 0.5287]"
"[0.5911, 0.7693]","[0.4483, 0.709]","[0.3403, 0.5877]","[0.3805, 0.47]","[0.4824, 0.4745]","[0.4011, 0.4552]","[0.3942, 0.352]","[0.4066, 0.4642]","[0.4098, 0.5065]","[0.4916, 0.4579]","[0.483, 0.362]","[0.485, 0.4875]","[0.4808, 0.5097]","[0.5746, 0.4664]","[0.5737, 0.3856]","[0.5681, 0.5043]","[0.5647, 0.5276]","[0.6588, 0.4847]","[0.6535, 0.4161]","[0.642, 0.4995]","[0.6424, 0.5297]"
"[0.59, 0.7669]","[0.4463, 0.7098]","[0.3389, 0.5867]","[0.3838, 0.4693]","[0.4874, 0.4741]","[0.4004, 0.4562]","[0.3932, 0.3509]","[0.404, 0.4644]","[0.4071, 0.506]","[0.4911, 0.4594]","[0.4812, 0.361]","[0.4808, 0.4879]","[0.4772, 0.5083]","[0.5738, 0.4672]","[0.5719, 0.3846]","[0.5642, 0.5057]","[0.5614, 0.5277]","[0.6585, 0.4842]","[0.6514, 0.4145]","[0.6394, 0.4986]","[0.6409, 0.5287]"
"[0.5889, 0.7649]","[0.4461, 0.7081]","[0.339, 0.5859]","[0.3842, 0.469]","[0.4886, 0.4744]","[0.3999, 0.4569]","[0.3938, 0.3514]","[0.4037, 0.4652]","[0.4063, 0.5062]","[0.4903, 0.4599]","[0.4811, 0.3614]","[0.48, 0.4886]","[0.4762, 0.5082]","[0.5724, 0.4674]","[0.5715, 0.3846]","[0.5628, 0.5054]","[0.559, 0.5267]","[0.6565, 0.4843]","[0.6506, 0.4156]","[0.6378, 0.4999]","[0.6383, 0.5299]"
"[0.5931, 0.7693]","[0.4509, 0.7093]","[0.3435, 0.589]","[0.3832, 0.4733]","[0.4848, 0.4743]","[0.4031, 0.4584]","[0.3958, 0.3525]","[0.4073, 0.4638]","[0.4099, 0.5051]","[0.4933, 0.4621]","[0.4839, 0.3644]","[0.4843, 0.4884]","[0.4796, 0.5083]","[0.5754, 0.4695]","[0.5733, 0.3856]","[0.5662, 0.5037]","[0.5625, 0.5262]","[0.6591, 0.4862]","[0.6525, 0.4143]","[0.6403, 0.4978]","[0.6402, 0.5304]"
"[0.5918, 0.7701]","[0.4491, 0.7103]","[0.3412, 0.5864]","[0.3833, 0.4691]","[0.4868, 0.4751]","[0.4032, 0.4601]","[0.3958, 0.353]","[0.4059, 0.464]","[0.4078, 0.5054]","[0.493, 0.4621]","[0.4841, 0.3626]","[0.4831, 0.4865]","[0.4786, 0.5081]","[0.5746, 0.4698]","[0.5738, 0.3849]","[0.5659, 0.5032]","[0.5621, 0.5277]","[0.6577, 0.4879]","[0.6527, 0.4149]","[0.6396, 0.4979]","[0.639, 0.532]"
"[0.589, 0.7664]","[0.4453, 0.7075]","[0.3394, 0.5855]","[0.3835, 0.4695]","[0.4845, 0.4734]","[0.4, 0.4582]","[0.3941, 0.3525]","[0.4039, 0.4635]","[0.4052, 0.5055]","[0.4901, 0.4609]","[0.4816, 0.362]","[0.481, 0.4864]","[0.4758, 0.508]","[0.5727, 0.4688]","[0.5717, 0.3838]","[0.5634, 0.5026]","[0.5583, 0.5262]","[0.657, 0.4865]","[0.6519, 0.4171]","[0.638, 0.5004]","[0.6359, 0.5325]"
"[0.5857, 0.7631]","[0.4396, 0.7011]","[0.3372, 0.5853]","[0.3818, 0.4718]","[0.4871, 0.4753]","[0.4008, 0.4606]","[0.3923, 0.3531]","[0.4031, 0.4587]","[0.408, 0.5065]","[0.4913, 0.4623]","[0.483, 0.3605]","[0.4837, 0.4783]","[0.4807, 0.512]","[0.5741, 0.4702]","[0.5724, 0.3839]","[0.5669, 0.4979]","[0.5642, 0.5361]","[0.657, 0.4903]","[0.6521, 0.4112]","[0.6419, 0.4902]","[0.643, 0.5316]"
"[0.5856, 0.7614]","[0.4413, 0.7009]","[0.3389, 0.5864]","[0.3816, 0.4734]","[0.4867, 0.476]","[0.4027, 0.4584]","[0.3916, 0.353]","[0.4028, 0.4592]","[0.4094, 0.5055]","[0.4922, 0.46]","[0.481, 0.3604]","[0.4826, 0.4793]","[0.4826, 0.5104]","[0.5747, 0.4685]","[0.5702, 0.3818]","[0.5651, 0.497]","[0.5649, 0.5328]","[0.6584, 0.4892]","[0.6501, 0.4107]","[0.6392, 0.4901]","[0.6417, 0.5292]"
"[0.585, 0.7608]","[0.4413, 0.7034]","[0.3376, 0.5865]","[0.3799, 0.4733]","[0.484, 0.4756]","[0.4032, 0.4577]","[0.3923, 0.3528]","[0.4014, 0.4595]","[0.4078, 0.5047]","[0.4925, 0.4598]","[0.4804, 0.3597]","[0.4798, 0.4792]","[0.4812, 0.5078]","[0.5746, 0.4687]","[0.5694, 0.3812]","[0.5621, 0.4969]","[0.5638, 0.5303]","[0.6587, 0.4891]","[0.6502, 0.4104]","[0.6367, 0.4903]","[0.6394, 0.5286]"
"[0.5851, 0.762]","[0.4419, 0.7061]","[0.3365, 0.5878]","[0.377, 0.4736]","[0.4801, 0.4763]","[0.4006, 0.4596]","[0.3895, 0.3541]","[0.401, 0.4619]","[0.4065, 0.5057]","[0.4899, 0.4611]","[0.4781, 0.3596]","[0.479, 0.4799]","[0.4795, 0.507]","[0.572, 0.4701]","[0.5676, 0.3811]","[0.5613, 0.4969]","[0.5625, 0.5275]","[0.6559, 0.4907]","[0.6478, 0.4146]","[0.635, 0.4945]","[0.6375, 0.5301]"
"[0.5836, 0.7598]","[0.4409, 0.7058]","[0.3342, 0.5866]","[0.3762, 0.4701]","[0.4812, 0.473]","[0.4008, 0.4582]","[0.3868, 0.3531]","[0.3993, 0.4621]","[0.4083, 0.5057]","[0.4901, 0.4596]","[0.4744, 0.3596]","[0.4766, 0.4827]","[0.4805, 0.5078]","[0.5719, 0.468]","[0.5646, 0.3817]","[0.5586, 0.5006]","[0.5619, 0.5284]","[0.6562, 0.4872]","[0.6444, 0.4124]","[0.6319, 0.4942]","[0.637, 0.5278]"
"[0.5825, 0.7613]","[0.4411, 0.7045]","[0.3357, 0.5848]","[0.3792, 0.4697]","[0.4841, 0.4713]","[0.4039, 0.4596]","[0.3882, 0.354]","[0.3989, 0.4631]","[0.4079, 0.5048]","[0.492, 0.4616]","[0.475, 0.3615]","[0.4745, 0.4839]","[0.4791, 0.5054]","[0.5727, 0.4696]","[0.5643, 0.3822]","[0.5554, 0.5007]","[0.5599, 0.5261]","[0.6566, 0.4877]","[0.6451, 0.4133]","[0.6294, 0.4958]","[0.6341, 0.5292]"
"[0.5807, 0.762]","[0.4392, 0.7021]","[0.3378, 0.5834]","[0.3826, 0.4691]","[0.4863, 0.472]","[0.406, 0.4592]","[0.3903, 0.3546]","[0.4013, 0.4624]","[0.4117, 0.505]","[0.4937, 0.4614]","[0.4769, 0.3614]","[0.4766, 0.484]","[0.4827, 0.5072]","[0.5743, 0.4703]","[0.5667, 0.3834]","[0.557, 0.5021]","[0.562, 0.5286]","[0.6581, 0.4903]","[0.6463, 0.4158]","[0.6304, 0.4971]","[0.6357, 0.5304]"
"[0.5819, 0.7572]","[0.4409, 0.7019]","[0.3382, 0.5865]","[0.3815, 0.4729]","[0.4855, 0.4707]","[0.404, 0.457]","[0.3883, 0.3525]","[0.401, 0.4595]","[0.4122, 0.5043]","[0.4925, 0.4589]","[0.4754, 0.36]","[0.4774, 0.4832]","[0.4843, 0.5091]","[0.5742, 0.4676]","[0.5654, 0.3829]","[0.558, 0.5025]","[0.5642, 0.5316]","[0.6595, 0.4867]","[0.6462, 0.4155]","[0.6318, 0.4962]","[0.6377, 0.5293]"
"[0.5859, 0.7563]","[0.443, 0.7057]","[0.3361, 0.5894]","[0.378, 0.4748]","[0.4832, 0.4726]","[0.4041, 0.458]","[0.3917, 0.3519]","[0.3999, 0.4605]","[0.4078, 0.5049]","[0.493, 0.4616]","[0.4784, 0.3621]","[0.4768, 0.4862]","[0.4812, 0.5099]","[0.5743, 0.4699]","[0.5681, 0.3845]","[0.5593, 0.5051]","[0.5638, 0.5327]","[0.6589, 0.4884]","[0.6487, 0.4141]","[0.6329, 0.4977]","[0.6372, 0.5325]"
"[0.5839, 0.7581]","[0.4404, 0.7041]","[0.3348, 0.5874]","[0.3791, 0.4726]","[0.4856, 0.4718]","[0.4049, 0.4588]","[0.3915, 0.3527]","[0.3987, 0.4612]","[0.4074, 0.5071]","[0.4939, 0.4625]","[0.4777, 0.3626]","[0.4753, 0.4862]","[0.4809, 0.511]","[0.5751, 0.4707]","[0.5679, 0.3841]","[0.5583, 0.5045]","[0.5637, 0.5337]","[0.6597, 0.4892]","[0.6484, 0.413]","[0.6327, 0.496]","[0.6381, 0.532]"
"[0.5836, 0.7577]","[0.4419, 0.7056]","[0.3367, 0.589]","[0.3804, 0.4724]","[0.4847, 0.4683]","[0.4039, 0.4594]","[0.3919, 0.3533]","[0.4016, 0.4618]","[0.4092, 0.507]","[0.4926, 0.4625]","[0.4793, 0.3633]","[0.4789, 0.4863]","[0.4812, 0.5105]","[0.5737, 0.4703]","[0.5684, 0.3843]","[0.5603, 0.504]","[0.5626, 0.5316]","[0.658, 0.4882]","[0.6489, 0.4137]","[0.6349, 0.4967]","[0.6384, 0.5311]"
"[0.585, 0.7604]","[0.4427, 0.7087]","[0.3367, 0.5896]","[0.3816, 0.4709]","[0.4862, 0.4663]","[0.4022, 0.4605]","[0.3903, 0.3539]","[0.4016, 0.462]","[0.4097, 0.5086]","[0.4909, 0.4621]","[0.4783, 0.3614]","[0.48, 0.4851]","[0.4824, 0.5112]","[0.573, 0.4692]","[0.568, 0.3829]","[0.5617, 0.5041]","[0.5641, 0.533]","[0.6583, 0.4869]","[0.6483, 0.4132]","[0.6357, 0.497]","[0.64, 0.531]"
"[0.5865, 0.7575]","[0.446, 0.7064]","[0.3358, 0.5878]","[0.3774, 0.4715]","[0.4856, 0.4696]","[0.4041, 0.4573]","[0.3954, 0.3527]","[0.4032, 0.4626]","[0.4057, 0.5048]","[0.4942, 0.4616]","[0.482, 0.364]","[0.48, 0.4878]","[0.4778, 0.5086]","[0.5754, 0.4684]","[0.5711, 0.3872]","[0.5632, 0.5066]","[0.5618, 0.53]","[0.6588, 0.4838]","[0.6503, 0.412]","[0.6394, 0.4948]","[0.6426, 0.5264]"
"[0.5846, 0.7558]","[0.4454, 0.7075]","[0.337, 0.5901]","[0.38, 0.4739]","[0.4874, 0.4706]","[0.4034, 0.4561]","[0.3949, 0.3526]","[0.4025, 0.4627]","[0.4047, 0.503]","[0.4934, 0.4605]","[0.4803, 0.3638]","[0.4775, 0.4878]","[0.476, 0.5059]","[0.5746, 0.4682]","[0.5697, 0.3863]","[0.5608, 0.5056]","[0.5604, 0.5261]","[0.6592, 0.4843]","[0.6499, 0.4138]","[0.6383, 0.4963]","[0.6422, 0.5257]"
"[0.5828, 0.7535]","[0.4432, 0.7076]","[0.334, 0.592]","[0.3731, 0.4751]","[0.4805, 0.4676]","[0.4003, 0.4564]","[0.391, 0.3542]","[0.3986, 0.464]","[0.4028, 0.5046]","[0.4897, 0.4602]","[0.4773, 0.3633]","[0.4749, 0.4876]","[0.475, 0.5067]","[0.5708, 0.4676]","[0.5679, 0.3869]","[0.5593, 0.5063]","[0.5591, 0.5271]","[0.6552, 0.4844]","[0.6497, 0.4143]","[0.6375, 0.497]","[0.6399, 0.5269]"
"[0.5844, 0.754]","[0.443, 0.7105]","[0.329, 0.5934]","[0.3624, 0.4717]","[0.4688, 0.4658]","[0.3987, 0.455]","[0.391, 0.354]","[0.4014, 0.4658]","[0.4049, 0.5043]","[0.489, 0.4591]","[0.479, 0.3627]","[0.4797, 0.4896]","[0.4786, 0.5085]","[0.5706, 0.4671]","[0.5684, 0.3863]","[0.5624, 0.5077]","[0.5619, 0.5283]","[0.6545, 0.4842]","[0.6505, 0.415]","[0.6388, 0.5007]","[0.6407, 0.5307]"
"[0.5836, 0.7574]","[0.4418, 0.7131]","[0.3263, 0.5945]","[0.3583, 0.4714]","[0.4645, 0.4635]","[0.3971, 0.4558]","[0.388, 0.3547]","[0.3996, 0.4652]","[0.4038, 0.5047]","[0.4879, 0.4594]","[0.4756, 0.3617]","[0.4783, 0.4882]","[0.4783, 0.5099]","[0.5701, 0.4675]","[0.5647, 0.3849]","[0.5613, 0.506]","[0.5628, 0.5296]","[0.6553, 0.4846]","[0.6476, 0.414]","[0.6371, 0.4988]","[0.6403, 0.5298]"
"[0.584, 0.7577]","[0.442, 0.7098]","[0.3272, 0.5954]","[0.3554, 0.4736]","[0.4592, 0.4628]","[0.3956, 0.4571]","[0.3857, 0.3548]","[0.3995, 0.4624]","[0.4031, 0.5012]","[0.4858, 0.46]","[0.4745, 0.3618]","[0.4785, 0.4858]","[0.4765, 0.5081]","[0.568, 0.4678]","[0.5634, 0.3863]","[0.5609, 0.5054]","[0.5611, 0.5292]","[0.6531, 0.4849]","[0.6451, 0.4153]","[0.6355, 0.4984]","[0.6381, 0.5292]"
"[0.5845, 0.76]","[0.4428, 0.7117]","[0.3273, 0.5958]","[0.3575, 0.4737]","[0.4634, 0.4605]","[0.3938, 0.4574]","[0.3852, 0.3552]","[0.3989, 0.4662]","[0.4012, 0.5028]","[0.4845, 0.4593]","[0.4734, 0.3608]","[0.4769, 0.4878]","[0.4745, 0.5083]","[0.567, 0.4665]","[0.5628, 0.3858]","[0.5598, 0.5068]","[0.5598, 0.5286]","[0.6528, 0.483]","[0.6449, 0.4153]","[0.6351, 0.4992]","[0.6378, 0.5279]"
"[0.584, 0.7627]","[0.4433, 0.7125]","[0.328, 0.5943]","[0.359, 0.4708]","[0.4662, 0.459]","[0.3916, 0.4616]","[0.3842, 0.355]","[0.3986, 0.4653]","[0.3994, 0.5038]","[0.4823, 0.461]","[0.4733, 0.3611]","[0.4791, 0.4866]","[0.4747, 0.5083]","[0.5655, 0.4677]","[0.5619, 0.385]","[0.5612, 0.504]","[0.5585, 0.5268]","[0.6519, 0.4847]","[0.6446, 0.416]","[0.6369, 0.4988]","[0.6382, 0.5286]"
"[0.5837, 0.7623]","[0.4424, 0.7107]","[0.3283, 0.594]","[0.3605, 0.4696]","[0.4666, 0.4554]","[0.3906, 0.4611]","[0.3828, 0.3545]","[0.3984, 0.4663]","[0.3998, 0.5047]","[0.4816, 0.4626]","[0.4718, 0.3609]","[0.4776, 0.4885]","[0.4729, 0.5082]","[0.5651, 0.4691]","[0.5617, 0.3851]","[0.5596, 0.5069]","[0.5564, 0.5276]","[0.6515, 0.4843]","[0.6452, 0.4168]","[0.6358, 0.5018]","[0.6362, 0.5299]"
"[0.5838, 0.7632]","[0.4413, 0.7133]","[0.3274, 0.5961]","[0.3604, 0.4728]","[0.4653, 0.4565]","[0.3894, 0.4594]","[0.3828, 0.3541]","[0.3993, 0.4656]","[0.3992, 0.5029]","[0.4808, 0.462]","[0.4727, 0.3609]","[0.4787, 0.4884]","[0.4721, 0.5074]","[0.5642, 0.4691]","[0.5614, 0.3843]","[0.5599, 0.5055]","[0.5561, 0.5253]","[0.6504, 0.4841]","[0.644, 0.4157]","[0.6348, 0.5014]","[0.6347, 0.5295]"
"[0.5811, 0.7646]","[0.439, 0.7138]","[0.3269, 0.5975]","[0.3607, 0.4754]","[0.4652, 0.458]","[0.3862, 0.4597]","[0.3822, 0.3541]","[0.3971, 0.4644]","[0.3954, 0.5039]","[0.4775, 0.4614]","[0.4733, 0.3621]","[0.4781, 0.4872]","[0.4689, 0.509]","[0.5607, 0.4687]","[0.5607, 0.3858]","[0.5591, 0.5044]","[0.5522, 0.5268]","[0.6463, 0.4849]","[0.6426, 0.4157]","[0.6348, 0.4998]","[0.633, 0.5297]"
"[0.5797, 0.7595]","[0.4371, 0.712]","[0.3252, 0.5947]","[0.363, 0.4715]","[0.4694, 0.4551]","[0.3856, 0.4612]","[0.3811, 0.3555]","[0.3961, 0.4666]","[0.3958, 0.5064]","[0.4772, 0.4634]","[0.4726, 0.3632]","[0.4764, 0.4887]","[0.4679, 0.509]","[0.5597, 0.4692]","[0.5612, 0.3878]","[0.5582, 0.5083]","[0.5508, 0.5291]","[0.6443, 0.4834]","[0.6431, 0.4162]","[0.6347, 0.5018]","[0.6325, 0.5312]"
"[0.5813, 0.764]","[0.4408, 0.7088]","[0.3326, 0.5926]","[0.3673, 0.4698]","[0.4741, 0.4533]","[0.3885, 0.464]","[0.3798, 0.3573]","[0.3983, 0.4691]","[0.4032, 0.5114]","[0.4792, 0.464]","[0.4727, 0.3653]","[0.4796, 0.4905]","[0.4748, 0.5141]","[0.5621, 0.4698]","[0.5636, 0.3915]","[0.5616, 0.5105]","[0.556, 0.5353]","[0.6473, 0.4863]","[0.6455, 0.4156]","[0.6376, 0.4995]","[0.6368, 0.5328]"
"[0.5792, 0.7621]","[0.4374, 0.7053]","[0.3313, 0.591]","[0.3676, 0.4701]","[0.4745, 0.4549]","[0.389, 0.4649]","[0.3796, 0.3582]","[0.3954, 0.468]","[0.4001, 0.5121]","[0.4786, 0.465]","[0.471, 0.3638]","[0.4758, 0.4871]","[0.4725, 0.5149]","[0.5613, 0.4707]","[0.56, 0.3883]","[0.5567, 0.5077]","[0.5535, 0.5392]","[0.6467, 0.4873]","[0.6399, 0.4141]","[0.6305, 0.4967]","[0.6309, 0.5329]"
"[0.5808, 0.7616]","[0.4401, 0.7067]","[0.3327, 0.5931]","[0.3662, 0.4708]","[0.4721, 0.4552]","[0.3878, 0.4642]","[0.3794, 0.3577]","[0.3962, 0.4689]","[0.4002, 0.5122]","[0.4778, 0.4648]","[0.4704, 0.3644]","[0.4767, 0.4893]","[0.4721, 0.5155]","[0.5608, 0.4702]","[0.5593, 0.3895]","[0.5571, 0.5094]","[0.5528, 0.5376]","[0.6468, 0.4858]","[0.6406, 0.4151]","[0.6326, 0.4984]","[0.6329, 0.5324]"
"[0.5807, 0.7625]","[0.4404, 0.7069]","[0.3318, 0.5935]","[0.3654, 0.4713]","[0.4723, 0.4551]","[0.3882, 0.4646]","[0.3788, 0.3579]","[0.3962, 0.4684]","[0.402, 0.5127]","[0.4787, 0.464]","[0.4709, 0.3646]","[0.478, 0.4904]","[0.4759, 0.5185]","[0.5617, 0.4694]","[0.56, 0.3902]","[0.5585, 0.5107]","[0.5558, 0.5408]","[0.6473, 0.4857]","[0.6392, 0.414]","[0.6317, 0.4971]","[0.6338, 0.5316]"
"[0.5789, 0.7621]","[0.4379, 0.708]","[0.3304, 0.5928]","[0.3651, 0.4705]","[0.4706, 0.4539]","[0.3891, 0.4624]","[0.379, 0.3578]","[0.3962, 0.4684]","[0.4022, 0.5104]","[0.4792, 0.4629]","[0.4714, 0.3639]","[0.4771, 0.4898]","[0.4742, 0.5146]","[0.5615, 0.4689]","[0.5604, 0.3897]","[0.5563, 0.5101]","[0.5527, 0.5364]","[0.6466, 0.4849]","[0.6398, 0.4151]","[0.6303, 0.4982]","[0.631, 0.5304]"
"[0.5797, 0.7652]","[0.4396, 0.7084]","[0.332, 0.5911]","[0.3657, 0.4675]","[0.4713, 0.4556]","[0.3898, 0.4611]","[0.3794, 0.3583]","[0.3979, 0.4687]","[0.4037, 0.5085]","[0.4799, 0.4609]","[0.4716, 0.3647]","[0.48, 0.49]","[0.4778, 0.5125]","[0.5625, 0.4681]","[0.561, 0.3907]","[0.5593, 0.5099]","[0.5567, 0.5345]","[0.6475, 0.486]","[0.6413, 0.4163]","[0.633, 0.4988]","[0.6345, 0.5299]"
"[0.5826, 0.7665]","[0.4416, 0.7136]","[0.3304, 0.596]","[0.3627, 0.4706]","[0.4686, 0.4526]","[0.3885, 0.4649]","[0.3798, 0.3583]","[0.3977, 0.4687]","[0.4012, 0.509]","[0.479, 0.465]","[0.4731, 0.3663]","[0.4796, 0.4912]","[0.4733, 0.5141]","[0.5617, 0.4707]","[0.5612, 0.3914]","[0.5592, 0.5119]","[0.5537, 0.5372]","[0.647, 0.4859]","[0.6418, 0.416]","[0.6342, 0.4999]","[0.6339, 0.5316]"
"[0.5824, 0.7657]","[0.442, 0.7101]","[0.3301, 0.5968]","[0.3588, 0.4715]","[0.465, 0.4521]","[0.3909, 0.4662]","[0.379, 0.3584]","[0.3989, 0.4673]","[0.4047, 0.5106]","[0.4812, 0.4657]","[0.4727, 0.3659]","[0.4818, 0.4894]","[0.4777, 0.517]","[0.5636, 0.4712]","[0.561, 0.3899]","[0.5607, 0.5088]","[0.5561, 0.5389]","[0.648, 0.4875]","[0.6418, 0.4149]","[0.6338, 0.4979]","[0.6326, 0.5329]"
"[0.5814, 0.7637]","[0.4407, 0.7098]","[0.3278, 0.5966]","[0.3567, 0.4737]","[0.4617, 0.454]","[0.3891, 0.4638]","[0.3777, 0.3581]","[0.3971, 0.4668]","[0.4031, 0.5089]","[0.4795, 0.4645]","[0.4715, 0.3661]","[0.4803, 0.4901]","[0.4765, 0.5155]","[0.5622, 0.47]","[0.5594, 0.3899]","[0.5595, 0.5092]","[0.556, 0.5364]","[0.6472, 0.4853]","[0.6406, 0.4142]","[0.633, 0.4979]","[0.6327, 0.5308]"
"[0.5823, 0.7631]","[0.4414, 0.7103]","[0.3271, 0.5965]","[0.3567, 0.4743]","[0.4625, 0.4561]","[0.3863, 0.4629]","[0.3776, 0.3575]","[0.3966, 0.4683]","[0.4001, 0.5067]","[0.4772, 0.4639]","[0.4724, 0.3665]","[0.4798, 0.4916]","[0.4727, 0.5115]","[0.5595, 0.4692]","[0.5599, 0.392]","[0.5592, 0.5112]","[0.5532, 0.5322]","[0.6444, 0.4838]","[0.6407, 0.4156]","[0.6341, 0.4999]","[0.6336, 0.53]"
"[0.5809, 0.7606]","[0.4382, 0.7113]","[0.3249, 0.5977]","[0.356, 0.4765]","[0.4618, 0.4577]","[0.383, 0.4637]","[0.3753, 0.357]","[0.3936, 0.4685]","[0.3964, 0.5083]","[0.4744, 0.4652]","[0.4703, 0.3665]","[0.4767, 0.4927]","[0.4696, 0.5136]","[0.5572, 0.4701]","[0.5577, 0.392]","[0.5566, 0.5126]","[0.5509, 0.5341]","[0.6428, 0.4831]","[0.6396, 0.4153]","[0.6321, 0.5]","[0.6312, 0.5301]"
"[0.5782, 0.7604]","[0.4374, 0.7093]","[0.3257, 0.5965]","[0.3575, 0.4757]","[0.4657, 0.4583]","[0.3837, 0.4627]","[0.3743, 0.3559]","[0.3906, 0.4679]","[0.3954, 0.5081]","[0.4745, 0.4625]","[0.4681, 0.3658]","[0.4731, 0.4921]","[0.4698, 0.5131]","[0.5575, 0.4682]","[0.5568, 0.3911]","[0.5546, 0.5111]","[0.5518, 0.5334]","[0.6435, 0.4835]","[0.6391, 0.4146]","[0.6304, 0.4986]","[0.6316, 0.5296]"
"[0.5799, 0.7672]","[0.439, 0.7118]","[0.3289, 0.5973]","[0.3597, 0.4758]","[0.4663, 0.4571]","[0.3871, 0.4635]","[0.3755, 0.3548]","[0.3922, 0.4677]","[0.3967, 0.5074]","[0.4767, 0.4628]","[0.4675, 0.3647]","[0.4711, 0.4936]","[0.4685, 0.515]","[0.5598, 0.4695]","[0.5572, 0.3903]","[0.5514, 0.513]","[0.5492, 0.5374]","[0.6464, 0.4864]","[0.6386, 0.416]","[0.6264, 0.5002]","[0.6273, 0.5323]"
"[0.5843, 0.7719]","[0.4446, 0.7186]","[0.3302, 0.5961]","[0.3627, 0.4703]","[0.4716, 0.4599]","[0.3874, 0.465]","[0.3778, 0.3537]","[0.3976, 0.4693]","[0.4006, 0.5071]","[0.4783, 0.4646]","[0.4729, 0.3657]","[0.4795, 0.4971]","[0.4711, 0.5138]","[0.5613, 0.4701]","[0.5619, 0.3939]","[0.5588, 0.5179]","[0.5509, 0.5355]","[0.647, 0.4838]","[0.6424, 0.4176]","[0.6346, 0.5038]","[0.6341, 0.5312]"
"[0.5805, 0.7751]","[0.439, 0.7165]","[0.3275, 0.5935]","[0.3617, 0.4703]","[0.471, 0.4605]","[0.3873, 0.4662]","[0.3776, 0.3533]","[0.3971, 0.4658]","[0.4015, 0.5069]","[0.4783, 0.4659]","[0.4753, 0.3647]","[0.4811, 0.4935]","[0.4737, 0.5161]","[0.5616, 0.472]","[0.5639, 0.394]","[0.5599, 0.5155]","[0.5524, 0.5391]","[0.6467, 0.4873]","[0.643, 0.4171]","[0.6336, 0.5006]","[0.6321, 0.5319]"
"[0.5799, 0.7743]","[0.4372, 0.7129]","[0.3272, 0.5921]","[0.3619, 0.4707]","[0.4706, 0.4609]","[0.3851, 0.4645]","[0.3793, 0.3533]","[0.3964, 0.4654]","[0.3978, 0.5041]","[0.4762, 0.4653]","[0.4763, 0.3657]","[0.4805, 0.4926]","[0.4709, 0.5118]","[0.5595, 0.4716]","[0.5644, 0.3943]","[0.5595, 0.5134]","[0.55, 0.5334]","[0.6447, 0.4876]","[0.6434, 0.4188]","[0.6344, 0.5014]","[0.6321, 0.5312]"
"[0.5791, 0.7752]","[0.437, 0.7127]","[0.3275, 0.5906]","[0.3619, 0.4685]","[0.47, 0.458]","[0.3853, 0.465]","[0.3787, 0.3552]","[0.3966, 0.4677]","[0.398, 0.5055]","[0.4765, 0.4653]","[0.4741, 0.3646]","[0.4796, 0.4919]","[0.4709, 0.5121]","[0.5601, 0.4715]","[0.5621, 0.3926]","[0.5587, 0.5119]","[0.5504, 0.5329]","[0.6458, 0.4869]","[0.6425, 0.4178]","[0.6336, 0.5009]","[0.6318, 0.531]"
"[0.5782, 0.7808]","[0.4385, 0.7187]","[0.3262, 0.5932]","[0.3597, 0.4691]","[0.4693, 0.456]","[0.383, 0.4681]","[0.3753, 0.3561]","[0.3961, 0.469]","[0.3986, 0.5064]","[0.4742, 0.4664]","[0.4724, 0.3652]","[0.4801, 0.493]","[0.4712, 0.512]","[0.5574, 0.472]","[0.5608, 0.3933]","[0.5587, 0.512]","[0.5501, 0.5316]","[0.6425, 0.4866]","[0.6393, 0.4184]","[0.6316, 0.5008]","[0.6298, 0.5291]"
"[0.5778, 0.7779]","[0.4386, 0.7155]","[0.326, 0.5912]","[0.3603, 0.4697]","[0.4702, 0.4583]","[0.3824, 0.4659]","[0.3742, 0.3557]","[0.3955, 0.4679]","[0.3978, 0.5041]","[0.4737, 0.4661]","[0.4727, 0.3657]","[0.4807, 0.4921]","[0.4697, 0.51]","[0.5567, 0.4716]","[0.5607, 0.3942]","[0.5594, 0.5119]","[0.549, 0.5298]","[0.6414, 0.4853]","[0.6394, 0.4194]","[0.6329, 0.5017]","[0.6301, 0.5291]"
"[0.5777, 0.7753]","[0.4399, 0.7129]","[0.3285, 0.5932]","[0.3596, 0.4725]","[0.4683, 0.4588]","[0.3832, 0.4647]","[0.3752, 0.3547]","[0.396, 0.4662]","[0.3988, 0.5041]","[0.4741, 0.4648]","[0.4732, 0.3648]","[0.4816, 0.4911]","[0.4716, 0.5104]","[0.5575, 0.4702]","[0.5611, 0.3938]","[0.5598, 0.5117]","[0.5499, 0.5305]","[0.6426, 0.4841]","[0.6394, 0.4182]","[0.6327, 0.5004]","[0.6302, 0.5277]"
"[0.5757, 0.7763]","[0.4371, 0.7131]","[0.3274, 0.5901]","[0.3628, 0.4688]","[0.4714, 0.4617]","[0.3845, 0.4622]","[0.3771, 0.3551]","[0.3934, 0.469]","[0.3958, 0.5051]","[0.4756, 0.4634]","[0.4717, 0.3648]","[0.4759, 0.4936]","[0.4693, 0.5096]","[0.5591, 0.4701]","[0.5603, 0.3918]","[0.5557, 0.5122]","[0.55, 0.5291]","[0.6447, 0.4857]","[0.6394, 0.4173]","[0.6298, 0.501]","[0.6302, 0.5282]"
"[0.5775, 0.7756]","[0.4389, 0.7141]","[0.3269, 0.5906]","[0.3605, 0.4686]","[0.4696, 0.4602]","[0.3837, 0.4642]","[0.375, 0.3549]","[0.3949, 0.4686]","[0.397, 0.5042]","[0.4744, 0.4648]","[0.4701, 0.365]","[0.4788, 0.4928]","[0.4706, 0.5091]","[0.5579, 0.471]","[0.5583, 0.3924]","[0.5584, 0.5117]","[0.552, 0.5286]","[0.644, 0.4854]","[0.6389, 0.4179]","[0.6328, 0.5006]","[0.633, 0.5271]"
"[0.5739, 0.7713]","[0.4335, 0.7124]","[0.3234, 0.5929]","[0.3584, 0.4715]","[0.4676, 0.4625]","[0.3829, 0.4637]","[0.375, 0.3539]","[0.3914, 0.4675]","[0.3942, 0.5055]","[0.4738, 0.4652]","[0.4697, 0.3647]","[0.4735, 0.4929]","[0.4673, 0.5115]","[0.557, 0.4715]","[0.5587, 0.3924]","[0.5541, 0.5132]","[0.5484, 0.533]","[0.6419, 0.4866]","[0.6382, 0.4179]","[0.6284, 0.5012]","[0.6279, 0.5299]"
"[0.5776, 0.7708]","[0.4369, 0.7122]","[0.3236, 0.5944]","[0.3551, 0.4721]","[0.4624, 0.4619]","[0.3803, 0.4629]","[0.3748, 0.3537]","[0.3941, 0.4671]","[0.3947, 0.5028]","[0.4716, 0.4637]","[0.4717, 0.3653]","[0.479, 0.493]","[0.4684, 0.509]","[0.5543, 0.4691]","[0.56, 0.3947]","[0.5581, 0.5139]","[0.5484, 0.5302]","[0.6383, 0.4821]","[0.6399, 0.4189]","[0.6328, 0.501]","[0.6303, 0.5265]"
"[0.5778, 0.7738]","[0.4366, 0.7141]","[0.3255, 0.5951]","[0.3558, 0.4721]","[0.4621, 0.4605]","[0.383, 0.4606]","[0.3742, 0.3552]","[0.3904, 0.466]","[0.3943, 0.503]","[0.4729, 0.4613]","[0.4701, 0.367]","[0.4745, 0.492]","[0.4682, 0.5104]","[0.5559, 0.469]","[0.5593, 0.3933]","[0.5554, 0.5117]","[0.55, 0.533]","[0.6414, 0.4862]","[0.6393, 0.4171]","[0.63, 0.4997]","[0.6294, 0.5302]"
"[0.5771, 0.7714]","[0.4356, 0.7139]","[0.3229, 0.594]","[0.3539, 0.4708]","[0.4626, 0.4604]","[0.3826, 0.4615]","[0.3738, 0.3551]","[0.3896, 0.4663]","[0.3935, 0.5035]","[0.4725, 0.4621]","[0.47, 0.3658]","[0.474, 0.4916]","[0.4679, 0.5109]","[0.5555, 0.469]","[0.5591, 0.3925]","[0.5551, 0.5123]","[0.5499, 0.5343]","[0.6407, 0.4853]","[0.6389, 0.4158]","[0.6299, 0.5]","[0.6297, 0.5311]"
"[0.5785, 0.7777]","[0.4388, 0.7181]","[0.3255, 0.5948]","[0.3548, 0.4703]","[0.4614, 0.4625]","[0.3818, 0.4627]","[0.374, 0.3553]","[0.3925, 0.467]","[0.3949, 0.5023]","[0.4715, 0.4622]","[0.4707, 0.3664]","[0.4769, 0.4928]","[0.4679, 0.5095]","[0.5539, 0.4687]","[0.559, 0.393]","[0.5566, 0.5124]","[0.549, 0.5316]","[0.6382, 0.4842]","[0.6383, 0.4162]","[0.6301, 0.4999]","[0.6285, 0.5294]"
"[0.578, 0.7756]","[0.4377, 0.7153]","[0.3254, 0.5937]","[0.3554, 0.4707]","[0.462, 0.4608]","[0.3814, 0.4626]","[0.3736, 0.3547]","[0.3921, 0.4668]","[0.3941, 0.5041]","[0.4713, 0.4633]","[0.4703, 0.3657]","[0.4768, 0.4919]","[0.4674, 0.5113]","[0.5538, 0.4691]","[0.5583, 0.3925]","[0.5572, 0.5124]","[0.5507, 0.5346]","[0.6375, 0.4833]","[0.6356, 0.4148]","[0.6294, 0.4981]","[0.6298, 0.5286]"
"[0.5791, 0.778]","[0.4385, 0.7168]","[0.3257, 0.594]","[0.3547, 0.4716]","[0.4597, 0.4639]","[0.3798, 0.4634]","[0.3739, 0.3563]","[0.3957, 0.4674]","[0.3957, 0.5031]","[0.47, 0.4626]","[0.4733, 0.3661]","[0.4828, 0.4923]","[0.4696, 0.5114]","[0.5525, 0.4677]","[0.5607, 0.3931]","[0.5614, 0.5126]","[0.5503, 0.5344]","[0.6357, 0.482]","[0.6376, 0.414]","[0.6324, 0.4976]","[0.6287, 0.5289]"
"[0.5764, 0.7742]","[0.4363, 0.7128]","[0.3248, 0.5935]","[0.352, 0.4703]","[0.4593, 0.4625]","[0.3815, 0.4645]","[0.3734, 0.3553]","[0.3934, 0.4654]","[0.3953, 0.5045]","[0.4707, 0.4641]","[0.4704, 0.3652]","[0.4796, 0.49]","[0.4698, 0.5128]","[0.5531, 0.4695]","[0.5582, 0.3914]","[0.5587, 0.5093]","[0.5503, 0.5345]","[0.6365, 0.4846]","[0.6357, 0.4134]","[0.6309, 0.4955]","[0.6297, 0.5282]"
"[0.5742, 0.7721]","[0.4345, 0.7108]","[0.3259, 0.5949]","[0.3553, 0.4741]","[0.4598, 0.4612]","[0.3796, 0.4615]","[0.3735, 0.3541]","[0.3917, 0.4654]","[0.3933, 0.504]","[0.47, 0.4625]","[0.4704, 0.3658]","[0.477, 0.4922]","[0.4673, 0.5117]","[0.5537, 0.4688]","[0.5588, 0.3919]","[0.5563, 0.5117]","[0.5476, 0.5331]","[0.6389, 0.4845]","[0.6375, 0.4159]","[0.6292, 0.4992]","[0.6269, 0.5293]"
"[0.5769, 0.7738]","[0.4365, 0.7148]","[0.3255, 0.5959]","[0.3553, 0.4736]","[0.4603, 0.4581]","[0.3781, 0.4637]","[0.3733, 0.3542]","[0.3922, 0.467]","[0.3915, 0.505]","[0.4687, 0.4638]","[0.4708, 0.3649]","[0.4773, 0.492]","[0.4636, 0.5094]","[0.552, 0.4695]","[0.5584, 0.3924]","[0.556, 0.5114]","[0.5436, 0.5291]","[0.637, 0.4834]","[0.6371, 0.4165]","[0.6298, 0.5001]","[0.6256, 0.5284]"
"[0.5728, 0.7678]","[0.4328, 0.7106]","[0.3244, 0.5928]","[0.3577, 0.4732]","[0.4633, 0.4602]","[0.3773, 0.4623]","[0.3744, 0.3555]","[0.3917, 0.4653]","[0.3906, 0.5036]","[0.4676, 0.4637]","[0.4705, 0.3644]","[0.476, 0.4884]","[0.4629, 0.5098]","[0.5501, 0.4692]","[0.5568, 0.3928]","[0.5555, 0.5104]","[0.5447, 0.5316]","[0.6342, 0.4833]","[0.634, 0.4152]","[0.6287, 0.4977]","[0.6265, 0.528]"
"[0.5738, 0.7669]","[0.4326, 0.7127]","[0.3236, 0.5938]","[0.3572, 0.4739]","[0.4607, 0.4631]","[0.377, 0.4627]","[0.3735, 0.356]","[0.39, 0.4682]","[0.3886, 0.5053]","[0.4678, 0.4648]","[0.4666, 0.3658]","[0.471, 0.4925]","[0.46, 0.5092]","[0.5504, 0.4705]","[0.5539, 0.3925]","[0.5514, 0.513]","[0.5427, 0.5298]","[0.6357, 0.4844]","[0.6341, 0.4176]","[0.6269, 0.5023]","[0.6254, 0.5301]"
"[0.5739, 0.767]","[0.4334, 0.7124]","[0.3233, 0.5934]","[0.3566, 0.472]","[0.4632, 0.4638]","[0.3792, 0.4633]","[0.3709, 0.3581]","[0.3882, 0.4695]","[0.3901, 0.5047]","[0.4688, 0.4628]","[0.4631, 0.3651]","[0.4689, 0.492]","[0.463, 0.5088]","[0.551, 0.4689]","[0.5518, 0.3917]","[0.5497, 0.5117]","[0.5456, 0.5292]","[0.636, 0.4838]","[0.6322, 0.4173]","[0.6244, 0.5004]","[0.6259, 0.5281]"
"[0.5734, 0.7686]","[0.434, 0.7124]","[0.3243, 0.5939]","[0.3577, 0.4718]","[0.4635, 0.4599]","[0.3782, 0.4638]","[0.3704, 0.3581]","[0.3892, 0.4705]","[0.3906, 0.5059]","[0.4681, 0.4638]","[0.4628, 0.3647]","[0.47, 0.4928]","[0.463, 0.5091]","[0.5508, 0.4699]","[0.5519, 0.3915]","[0.5506, 0.5126]","[0.5455, 0.5297]","[0.636, 0.4845]","[0.6329, 0.4182]","[0.6253, 0.5024]","[0.6257, 0.5296]"
"[0.5739, 0.7614]","[0.4328, 0.714]","[0.3196, 0.597]","[0.3497, 0.4745]","[0.4517, 0.4552]","[0.383, 0.4635]","[0.3745, 0.3564]","[0.3919, 0.4705]","[0.3949, 0.5067]","[0.4735, 0.4684]","[0.468, 0.3665]","[0.4734, 0.4957]","[0.4659, 0.5116]","[0.5554, 0.4736]","[0.5552, 0.3926]","[0.553, 0.5167]","[0.5467, 0.5327]","[0.6401, 0.4854]","[0.6366, 0.4161]","[0.6293, 0.5047]","[0.6285, 0.5334]"
"[0.5716, 0.7612]","[0.4291, 0.7099]","[0.3199, 0.5937]","[0.3523, 0.4749]","[0.4538, 0.4575]","[0.3858, 0.4629]","[0.3749, 0.3575]","[0.3874, 0.4693]","[0.3916, 0.5071]","[0.475, 0.4678]","[0.4651, 0.368]","[0.4664, 0.4948]","[0.4642, 0.5129]","[0.5566, 0.474]","[0.5527, 0.3913]","[0.5477, 0.5141]","[0.5473, 0.5341]","[0.6419, 0.4881]","[0.6348, 0.4162]","[0.6243, 0.5036]","[0.6269, 0.535]"
"[0.5705, 0.7592]","[0.4307, 0.7124]","[0.321, 0.5949]","[0.3553, 0.4751]","[0.4566, 0.4566]","[0.3845, 0.4621]","[0.3745, 0.3567]","[0.3868, 0.4692]","[0.3899, 0.5069]","[0.474, 0.4668]","[0.4628, 0.3682]","[0.4643, 0.495]","[0.462, 0.5103]","[0.556, 0.4731]","[0.5502, 0.3892]","[0.5459, 0.5117]","[0.5463, 0.5288]","[0.6423, 0.4863]","[0.6326, 0.4157]","[0.6224, 0.5024]","[0.6255, 0.5312]"
"[0.5739, 0.7577]","[0.4315, 0.7099]","[0.3216, 0.5923]","[0.3571, 0.4731]","[0.4604, 0.4569]","[0.3836, 0.4614]","[0.3745, 0.358]","[0.3882, 0.469]","[0.3896, 0.5047]","[0.4735, 0.4641]","[0.4655, 0.368]","[0.4679, 0.4943]","[0.4621, 0.511]","[0.5562, 0.4704]","[0.5536, 0.3904]","[0.5509, 0.513]","[0.5481, 0.5318]","[0.6434, 0.4848]","[0.6361, 0.4171]","[0.6277, 0.5046]","[0.6292, 0.5341]"
"[0.5735, 0.7594]","[0.4295, 0.7104]","[0.3208, 0.5914]","[0.3588, 0.474]","[0.4641, 0.458]","[0.3857, 0.4618]","[0.3758, 0.359]","[0.3864, 0.4694]","[0.3889, 0.5054]","[0.4755, 0.4651]","[0.4663, 0.3681]","[0.4652, 0.4944]","[0.4628, 0.5113]","[0.5576, 0.472]","[0.5538, 0.3899]","[0.548, 0.5116]","[0.5486, 0.5307]","[0.6442, 0.4871]","[0.6358, 0.4164]","[0.6248, 0.5026]","[0.6282, 0.5331]"
"[0.572, 0.7601]","[0.4319, 0.7122]","[0.3205, 0.5932]","[0.3568, 0.4725]","[0.4658, 0.4568]","[0.3867, 0.4636]","[0.3757, 0.3603]","[0.387, 0.471]","[0.3898, 0.5065]","[0.4757, 0.4643]","[0.4657, 0.3678]","[0.4658, 0.4936]","[0.463, 0.5121]","[0.5578, 0.4708]","[0.5534, 0.3882]","[0.5489, 0.5097]","[0.5487, 0.5315]","[0.644, 0.4865]","[0.6353, 0.4157]","[0.6253, 0.501]","[0.6281, 0.5315]"
"[0.5762, 0.7621]","[0.4352, 0.715]","[0.3212, 0.5935]","[0.3566, 0.4713]","[0.4651, 0.4566]","[0.3865, 0.4667]","[0.3749, 0.3617]","[0.3911, 0.4726]","[0.3937, 0.5072]","[0.4758, 0.4669]","[0.4668, 0.3685]","[0.4716, 0.4941]","[0.466, 0.5116]","[0.5576, 0.4723]","[0.5543, 0.3912]","[0.5531, 0.5118]","[0.5507, 0.5311]","[0.6436, 0.4859]","[0.6371, 0.4181]","[0.6296, 0.5029]","[0.6307, 0.5318]"
"[0.5756, 0.7627]","[0.4329, 0.7145]","[0.3197, 0.5949]","[0.3561, 0.4729]","[0.4642, 0.4578]","[0.3875, 0.4671]","[0.3745, 0.3613]","[0.3906, 0.4718]","[0.3936, 0.5065]","[0.4774, 0.4676]","[0.467, 0.3693]","[0.4707, 0.4943]","[0.4659, 0.5106]","[0.5587, 0.4734]","[0.5555, 0.3909]","[0.5527, 0.5105]","[0.5506, 0.5285]","[0.644, 0.4875]","[0.6383, 0.4187]","[0.6297, 0.5031]","[0.6312, 0.5319]"
"[0.5772, 0.7633]","[0.4357, 0.7149]","[0.3221, 0.5939]","[0.3561, 0.4713]","[0.4623, 0.4585]","[0.3877, 0.4677]","[0.3745, 0.361]","[0.3923, 0.4709]","[0.3951, 0.5057]","[0.4767, 0.4676]","[0.4669, 0.3691]","[0.4723, 0.4929]","[0.4665, 0.5099]","[0.5579, 0.4732]","[0.5545, 0.3905]","[0.5529, 0.5087]","[0.5501, 0.5275]","[0.6427, 0.4865]","[0.6365, 0.4173]","[0.6288, 0.5]","[0.6301, 0.5288]"
"[0.5777, 0.7627]","[0.4369, 0.7147]","[0.3226, 0.5945]","[0.3559, 0.4733]","[0.4604, 0.4587]","[0.3838, 0.4652]","[0.3744, 0.36]","[0.3913, 0.4711]","[0.3925, 0.5054]","[0.4735, 0.4666]","[0.4676, 0.3686]","[0.4724, 0.4936]","[0.4639, 0.5091]","[0.5551, 0.4723]","[0.5546, 0.3916]","[0.5531, 0.5098]","[0.5473, 0.5253]","[0.6402, 0.4855]","[0.6369, 0.4173]","[0.6301, 0.5012]","[0.6296, 0.529]"
"[0.5776, 0.7631]","[0.435, 0.7148]","[0.3221, 0.5936]","[0.3576, 0.4725]","[0.4628, 0.4588]","[0.3847, 0.4653]","[0.3746, 0.3597]","[0.3909, 0.4707]","[0.3932, 0.5073]","[0.4752, 0.4666]","[0.4673, 0.3676]","[0.4722, 0.4931]","[0.4666, 0.5102]","[0.5569, 0.4725]","[0.5545, 0.3917]","[0.5538, 0.5107]","[0.551, 0.5274]","[0.6423, 0.4863]","[0.6366, 0.4179]","[0.6296, 0.5021]","[0.6314, 0.5304]"
"[0.5747, 0.7616]","[0.4332, 0.7129]","[0.3215, 0.5932]","[0.3565, 0.4734]","[0.4605, 0.4591]","[0.3849, 0.4661]","[0.374, 0.3601]","[0.3885, 0.4713]","[0.3916, 0.5094]","[0.4747, 0.4673]","[0.4651, 0.3673]","[0.4684, 0.4925]","[0.4643, 0.5114]","[0.5563, 0.4728]","[0.5521, 0.3904]","[0.5499, 0.5097]","[0.5484, 0.5289]","[0.6409, 0.4866]","[0.6335, 0.4174]","[0.6251, 0.5018]","[0.6275, 0.5313]"
"[0.5715, 0.7624]","[0.4315, 0.712]","[0.3223, 0.5981]","[0.3579, 0.4778]","[0.4637, 0.4584]","[0.3853, 0.4675]","[0.3748, 0.3621]","[0.3889, 0.4716]","[0.3935, 0.512]","[0.4754, 0.4681]","[0.4663, 0.3679]","[0.4695, 0.4908]","[0.4664, 0.5158]","[0.5577, 0.4735]","[0.5543, 0.3919]","[0.5511, 0.5105]","[0.5486, 0.5371]","[0.6427, 0.4898]","[0.6348, 0.4166]","[0.6252, 0.5018]","[0.6254, 0.5377]"
"[0.5723, 0.7616]","[0.4334, 0.7117]","[0.3246, 0.5988]","[0.3589, 0.4774]","[0.4657, 0.4579]","[0.3847, 0.4677]","[0.3747, 0.3622]","[0.3902, 0.4718]","[0.3939, 0.512]","[0.4744, 0.4673]","[0.466, 0.3676]","[0.4709, 0.4906]","[0.4662, 0.5152]","[0.5569, 0.4725]","[0.5545, 0.391]","[0.552, 0.5094]","[0.548, 0.5362]","[0.6425, 0.4888]","[0.6359, 0.4169]","[0.6269, 0.5017]","[0.6256, 0.5374]"
"[0.5716, 0.7634]","[0.4338, 0.7132]","[0.3242, 0.599]","[0.3546, 0.4781]","[0.4584, 0.4573]","[0.3831, 0.4669]","[0.3723, 0.361]","[0.3893, 0.471]","[0.3935, 0.5115]","[0.4724, 0.4664]","[0.4634, 0.3676]","[0.4694, 0.492]","[0.4652, 0.5147]","[0.5551, 0.4717]","[0.5518, 0.3901]","[0.5497, 0.5095]","[0.5463, 0.5345]","[0.6413, 0.4874]","[0.6333, 0.4176]","[0.6245, 0.5018]","[0.6237, 0.5339]"
"[0.5747, 0.7635]","[0.4331, 0.7143]","[0.3205, 0.5994]","[0.3524, 0.4778]","[0.4575, 0.4568]","[0.3819, 0.4667]","[0.3716, 0.3594]","[0.3876, 0.4714]","[0.3902, 0.5112]","[0.4717, 0.4674]","[0.4624, 0.3678]","[0.467, 0.4933]","[0.4608, 0.5156]","[0.5538, 0.4724]","[0.5498, 0.3898]","[0.5482, 0.5106]","[0.5444, 0.5357]","[0.6394, 0.487]","[0.6316, 0.4155]","[0.6238, 0.5012]","[0.6232, 0.5345]"
"[0.5705, 0.7641]","[0.4274, 0.7141]","[0.3175, 0.5969]","[0.3526, 0.4762]","[0.4585, 0.4567]","[0.3838, 0.4637]","[0.3733, 0.3594]","[0.3836, 0.4728]","[0.3869, 0.5129]","[0.4734, 0.4658]","[0.4617, 0.3668]","[0.4613, 0.4937]","[0.4604, 0.5159]","[0.5559, 0.4723]","[0.5492, 0.3893]","[0.5442, 0.5115]","[0.5455, 0.5367]","[0.6427, 0.4884]","[0.6311, 0.4144]","[0.6204, 0.5008]","[0.6242, 0.5346]"
"[0.5708, 0.7641]","[0.4298, 0.7127]","[0.3192, 0.5964]","[0.3516, 0.4745]","[0.4563, 0.4554]","[0.3825, 0.4638]","[0.3726, 0.3609]","[0.3849, 0.4733]","[0.3883, 0.5116]","[0.4711, 0.4654]","[0.462, 0.3679]","[0.4639, 0.4944]","[0.4602, 0.5159]","[0.5531, 0.4709]","[0.5491, 0.3897]","[0.5453, 0.5117]","[0.5438, 0.5359]","[0.6392, 0.4858]","[0.631, 0.4149]","[0.6218, 0.5008]","[0.6233, 0.5326]"
"[0.5684, 0.7635]","[0.4273, 0.7102]","[0.3183, 0.5946]","[0.3513, 0.4752]","[0.4541, 0.4576]","[0.3828, 0.4626]","[0.3721, 0.3613]","[0.3853, 0.4726]","[0.3891, 0.5098]","[0.4718, 0.4647]","[0.4622, 0.3681]","[0.4643, 0.4933]","[0.4607, 0.5133]","[0.5538, 0.4707]","[0.5495, 0.3905]","[0.546, 0.5108]","[0.5449, 0.5324]","[0.6399, 0.486]","[0.6308, 0.416]","[0.6222, 0.5011]","[0.6246, 0.5317]"
"[0.5692, 0.7602]","[0.4287, 0.7102]","[0.3174, 0.5949]","[0.35, 0.4742]","[0.455, 0.456]","[0.3826, 0.463]","[0.3706, 0.3614]","[0.3847, 0.472]","[0.3887, 0.507]","[0.472, 0.464]","[0.4619, 0.3686]","[0.465, 0.4936]","[0.461, 0.5116]","[0.5543, 0.4695]","[0.5496, 0.3913]","[0.5466, 0.5111]","[0.545, 0.5304]","[0.6406, 0.4838]","[0.6305, 0.4166]","[0.6237, 0.5005]","[0.6271, 0.5282]"
"[0.5695, 0.7629]","[0.428, 0.7142]","[0.3154, 0.5963]","[0.348, 0.4748]","[0.4532, 0.4592]","[0.3826, 0.4641]","[0.3703, 0.3626]","[0.3847, 0.4725]","[0.3894, 0.5094]","[0.4718, 0.4639]","[0.4618, 0.369]","[0.4661, 0.4941]","[0.4639, 0.515]","[0.5539, 0.4696]","[0.5492, 0.3909]","[0.5472, 0.5106]","[0.5466, 0.5329]","[0.6398, 0.4846]","[0.6308, 0.4152]","[0.6232, 0.4995]","[0.6256, 0.5301]"
"[0.5707, 0.7608]","[0.4282, 0.7096]","[0.3164, 0.5943]","[0.3469, 0.4746]","[0.4512, 0.4611]","[0.3794, 0.4638]","[0.3701, 0.3624]","[0.3848, 0.4699]","[0.3865, 0.5082]","[0.4686, 0.4633]","[0.4613, 0.3684]","[0.467, 0.4899]","[0.4617, 0.5147]","[0.5511, 0.4683]","[0.5483, 0.3907]","[0.548, 0.5063]","[0.5446, 0.5325]","[0.6367, 0.4833]","[0.6293, 0.4153]","[0.6227, 0.4965]","[0.6231, 0.5287]"
"[0.5701, 0.7616]","[0.4282, 0.7096]","[0.318, 0.5942]","[0.3485, 0.4748]","[0.4521, 0.4631]","[0.3782, 0.4643]","[0.3702, 0.3615]","[0.3851, 0.4704]","[0.3861, 0.5091]","[0.4679, 0.4639]","[0.4599, 0.3677]","[0.4653, 0.4906]","[0.4594, 0.5141]","[0.5509, 0.4689]","[0.5478, 0.3889]","[0.5473, 0.5065]","[0.5436, 0.5318]","[0.6368, 0.4843]","[0.6303, 0.4148]","[0.6235, 0.4979]","[0.6236, 0.5302]"
"[0.57, 0.7628]","[0.4284, 0.7088]","[0.3179, 0.5919]","[0.3502, 0.4722]","[0.4571, 0.4634]","[0.3799, 0.4652]","[0.3701, 0.3621]","[0.3846, 0.4708]","[0.3863, 0.5074]","[0.4693, 0.4639]","[0.4607, 0.3678]","[0.465, 0.4908]","[0.4603, 0.5123]","[0.5518, 0.4688]","[0.5488, 0.3897]","[0.5471, 0.5068]","[0.5444, 0.5306]","[0.6372, 0.4845]","[0.6305, 0.4145]","[0.6228, 0.4968]","[0.624, 0.5287]"
"[0.573, 0.7691]","[0.4316, 0.7097]","[0.3244, 0.5923]","[0.3593, 0.4743]","[0.465, 0.4614]","[0.3862, 0.4684]","[0.3727, 0.3643]","[0.3857, 0.4686]","[0.3936, 0.5132]","[0.4753, 0.4666]","[0.4653, 0.3676]","[0.47, 0.4867]","[0.4725, 0.5166]","[0.558, 0.4715]","[0.5549, 0.3916]","[0.5526, 0.5056]","[0.5546, 0.5383]","[0.6421, 0.4884]","[0.6344, 0.4122]","[0.6256, 0.4907]","[0.6289, 0.5283]"
"[0.5763, 0.7711]","[0.4353, 0.7132]","[0.3258, 0.5962]","[0.3583, 0.4755]","[0.4625, 0.4564]","[0.3828, 0.4711]","[0.3689, 0.3636]","[0.3886, 0.47]","[0.3966, 0.5163]","[0.4724, 0.4675]","[0.4635, 0.3657]","[0.4748, 0.4865]","[0.4751, 0.5198]","[0.5561, 0.4724]","[0.5518, 0.3886]","[0.5553, 0.5046]","[0.5567, 0.5413]","[0.6413, 0.4892]","[0.6313, 0.4145]","[0.6256, 0.4938]","[0.6286, 0.5327]"
"[0.5743, 0.7692]","[0.4328, 0.7095]","[0.3244, 0.594]","[0.3557, 0.4743]","[0.4591, 0.459]","[0.3816, 0.4675]","[0.3685, 0.3622]","[0.3872, 0.4687]","[0.3941, 0.5135]","[0.4708, 0.4659]","[0.463, 0.3667]","[0.4725, 0.4871]","[0.4698, 0.5181]","[0.5543, 0.4706]","[0.5506, 0.3903]","[0.5535, 0.5063]","[0.5526, 0.5399]","[0.6394, 0.4862]","[0.6297, 0.4129]","[0.6251, 0.4928]","[0.6283, 0.5295]"
"[0.573, 0.7666]","[0.4317, 0.7109]","[0.3225, 0.5979]","[0.3512, 0.475]","[0.4558, 0.457]","[0.379, 0.4676]","[0.3686, 0.3614]","[0.386, 0.4703]","[0.3913, 0.5134]","[0.4692, 0.4653]","[0.4633, 0.3659]","[0.4713, 0.4885]","[0.4683, 0.5172]","[0.5532, 0.4702]","[0.5511, 0.3887]","[0.5526, 0.5058]","[0.5509, 0.5369]","[0.6389, 0.4865]","[0.6307, 0.4131]","[0.6246, 0.4944]","[0.6265, 0.5303]"
"[0.5728, 0.7709]","[0.4324, 0.7149]","[0.3223, 0.595]","[0.3539, 0.4708]","[0.4601, 0.4608]","[0.3796, 0.4673]","[0.3694, 0.3618]","[0.3858, 0.4717]","[0.3906, 0.5103]","[0.4695, 0.4639]","[0.4627, 0.3652]","[0.4682, 0.4899]","[0.465, 0.5134]","[0.5529, 0.4695]","[0.5512, 0.3893]","[0.5495, 0.5078]","[0.5476, 0.5338]","[0.6384, 0.4868]","[0.6301, 0.4143]","[0.6218, 0.4963]","[0.6244, 0.5292]"
"[0.5714, 0.7707]","[0.4314, 0.7128]","[0.3228, 0.5951]","[0.3529, 0.4725]","[0.457, 0.4621]","[0.3784, 0.4657]","[0.3692, 0.3616]","[0.3858, 0.4719]","[0.3894, 0.511]","[0.4681, 0.4635]","[0.4627, 0.3662]","[0.4687, 0.4902]","[0.4635, 0.5146]","[0.5521, 0.469]","[0.5507, 0.39]","[0.55, 0.5081]","[0.5467, 0.5353]","[0.638, 0.4858]","[0.6302, 0.414]","[0.6224, 0.4955]","[0.6235, 0.5288]"
"[0.5706, 0.7683]","[0.4308, 0.7104]","[0.3229, 0.5967]","[0.3528, 0.4752]","[0.4565, 0.4599]","[0.3789, 0.465]","[0.3688, 0.3615]","[0.3842, 0.4715]","[0.3886, 0.512]","[0.4682, 0.4634]","[0.4615, 0.3657]","[0.4672, 0.4894]","[0.4639, 0.5146]","[0.552, 0.4692]","[0.5493, 0.3887]","[0.5483, 0.5065]","[0.5468, 0.5344]","[0.6383, 0.4862]","[0.6294, 0.4138]","[0.6204, 0.4955]","[0.6215, 0.5294]"
"[0.5711, 0.7702]","[0.4305, 0.7115]","[0.3221, 0.5951]","[0.3538, 0.4734]","[0.4588, 0.4618]","[0.3802, 0.4657]","[0.3688, 0.3605]","[0.3841, 0.4705]","[0.389, 0.511]","[0.4693, 0.4644]","[0.4609, 0.3665]","[0.4661, 0.4904]","[0.4633, 0.5148]","[0.5524, 0.4702]","[0.5484, 0.3876]","[0.5459, 0.5061]","[0.5449, 0.5341]","[0.6383, 0.4869]","[0.6281, 0.4133]","[0.6177, 0.4953]","[0.6193, 0.5299]"
"[0.5722, 0.7696]","[0.431, 0.7103]","[0.3222, 0.5935]","[0.3518, 0.4715]","[0.4554, 0.4617]","[0.3793, 0.4655]","[0.3689, 0.3594]","[0.387, 0.4695]","[0.3903, 0.5084]","[0.4683, 0.4643]","[0.4613, 0.3658]","[0.4686, 0.4886]","[0.4624, 0.512]","[0.5512, 0.4696]","[0.5492, 0.3877]","[0.5481, 0.5046]","[0.5438, 0.5312]","[0.636, 0.4849]","[0.628, 0.4144]","[0.6195, 0.4952]","[0.6196, 0.5281]"
"[0.5714, 0.7711]","[0.4299, 0.7104]","[0.3204, 0.5936]","[0.35, 0.473]","[0.4528, 0.4604]","[0.3776, 0.4657]","[0.3687, 0.3598]","[0.3861, 0.4692]","[0.3885, 0.5086]","[0.4671, 0.4647]","[0.463, 0.3656]","[0.4695, 0.4891]","[0.4622, 0.5126]","[0.5504, 0.4696]","[0.5509, 0.3889]","[0.5491, 0.5063]","[0.543, 0.5322]","[0.6351, 0.4847]","[0.6288, 0.4141]","[0.6196, 0.4958]","[0.6181, 0.5286]"
"[0.5704, 0.7716]","[0.43, 0.7117]","[0.3197, 0.5919]","[0.3506, 0.4698]","[0.454, 0.459]","[0.3779, 0.4662]","[0.3685, 0.3601]","[0.3877, 0.4704]","[0.3897, 0.5086]","[0.4677, 0.4653]","[0.4632, 0.3657]","[0.471, 0.4899]","[0.4625, 0.5128]","[0.5507, 0.4698]","[0.5511, 0.3895]","[0.551, 0.5076]","[0.5445, 0.5326]","[0.6351, 0.4837]","[0.6295, 0.4138]","[0.6224, 0.4959]","[0.6212, 0.5279]"
"[0.57, 0.7668]","[0.4291, 0.7095]","[0.3197, 0.5933]","[0.3504, 0.4713]","[0.4539, 0.4565]","[0.3773, 0.4646]","[0.3684, 0.3592]","[0.3861, 0.4693]","[0.3888, 0.5096]","[0.467, 0.4644]","[0.4623, 0.365]","[0.4694, 0.4882]","[0.4619, 0.5125]","[0.5501, 0.4692]","[0.55, 0.3883]","[0.5503, 0.5061]","[0.5453, 0.5324]","[0.6351, 0.4837]","[0.6288, 0.4132]","[0.6226, 0.4953]","[0.6227, 0.5279]"
"[0.5707, 0.7758]","[0.4284, 0.7151]","[0.3196, 0.5976]","[0.3508, 0.4738]","[0.4577, 0.459]","[0.3811, 0.4667]","[0.3681, 0.3616]","[0.3822, 0.4714]","[0.3872, 0.5108]","[0.4698, 0.4641]","[0.4588, 0.3675]","[0.4631, 0.492]","[0.463, 0.5176]","[0.553, 0.4704]","[0.5469, 0.3892]","[0.5447, 0.5091]","[0.5473, 0.541]","[0.6405, 0.4879]","[0.6259, 0.4127]","[0.6174, 0.494]","[0.6233, 0.53]"
"[0.569, 0.7718]","[0.4261, 0.7123]","[0.3165, 0.5951]","[0.3497, 0.4731]","[0.4586, 0.461]","[0.3785, 0.4657]","[0.3673, 0.3603]","[0.3845, 0.4701]","[0.3887, 0.5089]","[0.4686, 0.4654]","[0.4598, 0.3668]","[0.4671, 0.4906]","[0.4636, 0.5172]","[0.5519, 0.4716]","[0.548, 0.3907]","[0.5481, 0.5096]","[0.547, 0.5411]","[0.6381, 0.4881]","[0.6276, 0.4148]","[0.6212, 0.4959]","[0.6246, 0.532]"
"[0.5668, 0.773]","[0.4248, 0.7128]","[0.3156, 0.5937]","[0.3502, 0.4715]","[0.4596, 0.4642]","[0.3817, 0.4636]","[0.3696, 0.3591]","[0.3813, 0.4721]","[0.3856, 0.5102]","[0.471, 0.4639]","[0.4583, 0.3661]","[0.4603, 0.4941]","[0.4601, 0.5167]","[0.5539, 0.4708]","[0.5459, 0.3909]","[0.5423, 0.5142]","[0.5447, 0.5419]","[0.6403, 0.4884]","[0.6252, 0.4144]","[0.6159, 0.4982]","[0.6227, 0.533]"
"[0.5672, 0.7754]","[0.4261, 0.7153]","[0.3148, 0.5946]","[0.3471, 0.4704]","[0.4569, 0.4602]","[0.3808, 0.465]","[0.3679, 0.3598]","[0.3803, 0.4723]","[0.3844, 0.509]","[0.4699, 0.4648]","[0.458, 0.3674]","[0.461, 0.4941]","[0.4601, 0.5157]","[0.5527, 0.4715]","[0.5451, 0.3911]","[0.5425, 0.5128]","[0.5454, 0.5399]","[0.6395, 0.4882]","[0.6253, 0.4151]","[0.6168, 0.4973]","[0.624, 0.5306]"
"[0.5649, 0.7729]","[0.4236, 0.7119]","[0.315, 0.5951]","[0.3469, 0.4735]","[0.4533, 0.4611]","[0.3802, 0.4614]","[0.3687, 0.3587]","[0.3812, 0.4712]","[0.386, 0.5089]","[0.4695, 0.4628]","[0.4588, 0.3661]","[0.4618, 0.4938]","[0.4615, 0.5165]","[0.5525, 0.4705]","[0.5463, 0.3909]","[0.5427, 0.5125]","[0.5452, 0.5389]","[0.6388, 0.4884]","[0.6256, 0.4166]","[0.6163, 0.4991]","[0.6226, 0.5314]"
"[0.5663, 0.7731]","[0.4259, 0.7144]","[0.3154, 0.5958]","[0.3464, 0.4709]","[0.4541, 0.459]","[0.3791, 0.4634]","[0.3674, 0.3598]","[0.3812, 0.472]","[0.3855, 0.5079]","[0.4686, 0.463]","[0.458, 0.3661]","[0.4622, 0.4935]","[0.461, 0.5152]","[0.5517, 0.47]","[0.5457, 0.391]","[0.5431, 0.5127]","[0.5451, 0.5387]","[0.6383, 0.4873]","[0.6246, 0.4164]","[0.6165, 0.4989]","[0.623, 0.5312]"
"[0.5665, 0.7693]","[0.4264, 0.7119]","[0.3166, 0.5946]","[0.3487, 0.4715]","[0.4559, 0.4614]","[0.3786, 0.4624]","[0.3672, 0.359]","[0.3814, 0.4708]","[0.386, 0.5068]","[0.4682, 0.462]","[0.4574, 0.3663]","[0.4617, 0.4926]","[0.4609, 0.5128]","[0.5514, 0.4688]","[0.5449, 0.392]","[0.5431, 0.5124]","[0.5452, 0.5355]","[0.6379, 0.4857]","[0.6244, 0.4171]","[0.617, 0.4982]","[0.6243, 0.5277]"
"[0.5694, 0.7678]","[0.4293, 0.7148]","[0.3159, 0.5953]","[0.3493, 0.4687]","[0.4599, 0.4604]","[0.3784, 0.4641]","[0.3667, 0.3595]","[0.3805, 0.4727]","[0.3852, 0.5067]","[0.4683, 0.4624]","[0.4568, 0.3667]","[0.4608, 0.4949]","[0.4606, 0.5117]","[0.551, 0.4682]","[0.5448, 0.3914]","[0.5432, 0.5136]","[0.5463, 0.5341]","[0.6372, 0.4839]","[0.6247, 0.4156]","[0.6175, 0.4988]","[0.6258, 0.5283]"
"[0.569, 0.7678]","[0.4294, 0.7142]","[0.3159, 0.5951]","[0.3486, 0.4695]","[0.4585, 0.4586]","[0.3793, 0.463]","[0.3674, 0.3588]","[0.3801, 0.4731]","[0.3854, 0.5082]","[0.4693, 0.4629]","[0.4573, 0.366]","[0.4594, 0.4962]","[0.46, 0.513]","[0.5519, 0.4692]","[0.5455, 0.3918]","[0.5417, 0.5163]","[0.5453, 0.5365]","[0.6382, 0.485]","[0.6264, 0.4156]","[0.6162, 0.5005]","[0.6234, 0.5304]"
"[0.571, 0.7684]","[0.4283, 0.7154]","[0.3135, 0.5942]","[0.348, 0.4674]","[0.4596, 0.4595]","[0.3764, 0.4669]","[0.3635, 0.3589]","[0.3795, 0.4726]","[0.384, 0.5079]","[0.4667, 0.4648]","[0.4542, 0.3665]","[0.4599, 0.4955]","[0.4588, 0.5112]","[0.549, 0.4696]","[0.5424, 0.391]","[0.5417, 0.5142]","[0.5444, 0.5335]","[0.6353, 0.4836]","[0.6233, 0.4168]","[0.6161, 0.5008]","[0.6235, 0.529]"
"[0.5699, 0.7684]","[0.4281, 0.7147]","[0.3146, 0.5932]","[0.3479, 0.4681]","[0.458, 0.4606]","[0.3763, 0.4625]","[0.3649, 0.3578]","[0.382, 0.4728]","[0.3856, 0.5053]","[0.4668, 0.4622]","[0.4581, 0.3664]","[0.4633, 0.4964]","[0.4589, 0.5091]","[0.5488, 0.4678]","[0.5461, 0.3931]","[0.5441, 0.5157]","[0.5425, 0.5306]","[0.6341, 0.4815]","[0.6265, 0.4162]","[0.6185, 0.5007]","[0.6227, 0.5272]"
"[0.5683, 0.7681]","[0.4256, 0.7123]","[0.3132, 0.5921]","[0.3471, 0.4678]","[0.4578, 0.4584]","[0.3772, 0.4645]","[0.3641, 0.3597]","[0.378, 0.4737]","[0.3833, 0.5081]","[0.4669, 0.4633]","[0.4554, 0.367]","[0.459, 0.4958]","[0.4591, 0.5118]","[0.5493, 0.469]","[0.5433, 0.3908]","[0.5407, 0.5134]","[0.5438, 0.5337]","[0.6356, 0.4841]","[0.6247, 0.4141]","[0.6156, 0.4984]","[0.6223, 0.5286]"
"[0.5689, 0.7679]","[0.4291, 0.7103]","[0.3194, 0.6006]","[0.3477, 0.4783]","[0.4513, 0.4554]","[0.3782, 0.468]","[0.365, 0.3611]","[0.3796, 0.47]","[0.3843, 0.5098]","[0.467, 0.4668]","[0.4554, 0.3682]","[0.4621, 0.4905]","[0.4612, 0.5151]","[0.5504, 0.4726]","[0.5435, 0.3886]","[0.5438, 0.5063]","[0.5447, 0.5364]","[0.6372, 0.4892]","[0.6251, 0.4124]","[0.6161, 0.4933]","[0.6184, 0.5299]"
"[0.5704, 0.7687]","[0.43, 0.7106]","[0.3194, 0.6014]","[0.346, 0.479]","[0.4496, 0.4555]","[0.3774, 0.4677]","[0.3652, 0.3621]","[0.3806, 0.4706]","[0.3849, 0.5096]","[0.4663, 0.4663]","[0.456, 0.3679]","[0.4632, 0.4899]","[0.4608, 0.5138]","[0.5497, 0.472]","[0.5443, 0.3902]","[0.5446, 0.5077]","[0.5441, 0.5361]","[0.6367, 0.4882]","[0.626, 0.4131]","[0.6173, 0.494]","[0.6186, 0.5293]"
"[0.5726, 0.7694]","[0.4308, 0.7145]","[0.3186, 0.6027]","[0.3457, 0.4793]","[0.4487, 0.4569]","[0.3755, 0.4666]","[0.3648, 0.3633]","[0.3821, 0.4722]","[0.3857, 0.5107]","[0.4651, 0.4655]","[0.457, 0.368]","[0.4658, 0.4906]","[0.462, 0.5134]","[0.5484, 0.4709]","[0.5456, 0.3892]","[0.5475, 0.5072]","[0.5459, 0.5341]","[0.6345, 0.4864]","[0.6278, 0.4128]","[0.6204, 0.495]","[0.6208, 0.5293]"
"[0.57, 0.7636]","[0.426, 0.7122]","[0.3152, 0.6002]","[0.3442, 0.4777]","[0.4473, 0.4574]","[0.3728, 0.4662]","[0.3616, 0.363]","[0.3787, 0.4733]","[0.3824, 0.5122]","[0.4624, 0.4653]","[0.4535, 0.3675]","[0.4607, 0.4915]","[0.4567, 0.5142]","[0.5459, 0.4706]","[0.542, 0.3872]","[0.543, 0.5063]","[0.542, 0.5329]","[0.6328, 0.4855]","[0.6248, 0.4119]","[0.6173, 0.4947]","[0.6186, 0.5286]"
"[0.5662, 0.7657]","[0.424, 0.7136]","[0.3137, 0.5995]","[0.3419, 0.4784]","[0.4437, 0.4595]","[0.3749, 0.4638]","[0.3649, 0.3627]","[0.3788, 0.4716]","[0.3814, 0.5085]","[0.4642, 0.4636]","[0.4542, 0.3677]","[0.4585, 0.4906]","[0.4559, 0.5114]","[0.5473, 0.4705]","[0.5426, 0.3884]","[0.541, 0.5063]","[0.5413, 0.5314]","[0.6341, 0.4872]","[0.6253, 0.4109]","[0.6159, 0.4941]","[0.6178, 0.5288]"
"[0.5678, 0.7691]","[0.4292, 0.7155]","[0.3167, 0.6014]","[0.3435, 0.4794]","[0.4462, 0.4578]","[0.3768, 0.463]","[0.3663, 0.361]","[0.3811, 0.4708]","[0.3842, 0.5088]","[0.4659, 0.4626]","[0.4555, 0.3664]","[0.4613, 0.4907]","[0.4598, 0.513]","[0.549, 0.4702]","[0.5433, 0.3881]","[0.5428, 0.5073]","[0.5439, 0.5342]","[0.6357, 0.4875]","[0.6236, 0.4137]","[0.615, 0.4962]","[0.6177, 0.5293]"
"[0.5676, 0.7697]","[0.4281, 0.7145]","[0.3166, 0.599]","[0.3454, 0.4776]","[0.449, 0.4581]","[0.3755, 0.4645]","[0.3641, 0.36]","[0.3816, 0.4702]","[0.3853, 0.509]","[0.4646, 0.4644]","[0.4554, 0.3664]","[0.4633, 0.4904]","[0.4601, 0.5139]","[0.5474, 0.4711]","[0.5432, 0.3876]","[0.5439, 0.506]","[0.5437, 0.5342]","[0.633, 0.4872]","[0.6237, 0.4139]","[0.6162, 0.4955]","[0.6182, 0.5294]"
"[0.5683, 0.7676]","[0.4276, 0.7123]","[0.3159, 0.5986]","[0.3444, 0.4767]","[0.4497, 0.4566]","[0.3757, 0.464]","[0.3629, 0.3597]","[0.3803, 0.4713]","[0.3848, 0.5085]","[0.4646, 0.4642]","[0.4541, 0.3667]","[0.4618, 0.4918]","[0.4597, 0.5132]","[0.5471, 0.4709]","[0.5427, 0.3874]","[0.5433, 0.5071]","[0.5437, 0.5344]","[0.6327, 0.4866]","[0.625, 0.4131]","[0.6172, 0.4958]","[0.6193, 0.5292]"
"[0.5684, 0.7686]","[0.4275, 0.7139]","[0.3162, 0.598]","[0.3457, 0.475]","[0.4506, 0.4585]","[0.3752, 0.4644]","[0.3631, 0.3596]","[0.3804, 0.4714]","[0.3842, 0.5091]","[0.4642, 0.4636]","[0.4536, 0.3666]","[0.4617, 0.492]","[0.459, 0.5132]","[0.5469, 0.4697]","[0.5422, 0.3872]","[0.5435, 0.507]","[0.5433, 0.5329]","[0.6331, 0.4848]","[0.6245, 0.4123]","[0.6176, 0.4951]","[0.6202, 0.5275]"
"[0.5691, 0.7681]","[0.4266, 0.7121]","[0.3159, 0.5985]","[0.3448, 0.4757]","[0.4502, 0.4575]","[0.3751, 0.4653]","[0.363, 0.3596]","[0.3797, 0.4699]","[0.3834, 0.5092]","[0.464, 0.4637]","[0.454, 0.3659]","[0.4616, 0.4894]","[0.4588, 0.5133]","[0.5467, 0.4694]","[0.542, 0.3874]","[0.5433, 0.5058]","[0.5434, 0.5344]","[0.6331, 0.4847]","[0.6241, 0.4119]","[0.6166, 0.4936]","[0.6191, 0.528]"
"[0.5649, 0.7653]","[0.4218, 0.7088]","[0.314, 0.595]","[0.3455, 0.4748]","[0.4505, 0.4591]","[0.3744, 0.4642]","[0.363, 0.361]","[0.3768, 0.4715]","[0.3811, 0.5106]","[0.4625, 0.4639]","[0.4522, 0.3658]","[0.457, 0.4898]","[0.4567, 0.5128]","[0.5448, 0.4702]","[0.5403, 0.3877]","[0.5392, 0.5063]","[0.5417, 0.5336]","[0.6308, 0.4863]","[0.6219, 0.4117]","[0.6129, 0.4938]","[0.6167, 0.5289]"
"[0.5656, 0.7695]","[0.4245, 0.7115]","[0.3174, 0.5969]","[0.3471, 0.4758]","[0.449, 0.4592]","[0.3749, 0.4626]","[0.3625, 0.3611]","[0.3774, 0.4716]","[0.3825, 0.5112]","[0.4634, 0.4615]","[0.452, 0.3664]","[0.4579, 0.4913]","[0.4582, 0.5145]","[0.5467, 0.4687]","[0.5407, 0.3879]","[0.5395, 0.5072]","[0.5421, 0.5348]","[0.6341, 0.4861]","[0.6222, 0.4136]","[0.6126, 0.4955]","[0.6167, 0.5287]"
"[0.5663, 0.7672]","[0.4277, 0.7112]","[0.3172, 0.5993]","[0.3458, 0.4776]","[0.4525, 0.4591]","[0.3765, 0.4692]","[0.3605, 0.3611]","[0.3798, 0.4687]","[0.386, 0.5092]","[0.4653, 0.4649]","[0.4513, 0.3644]","[0.4628, 0.4858]","[0.4634, 0.5143]","[0.5482, 0.4703]","[0.5397, 0.3835]","[0.5427, 0.4988]","[0.5445, 0.5321]","[0.6344, 0.4872]","[0.6208, 0.4114]","[0.6153, 0.4902]","[0.6195, 0.5269]"
"[0.5648, 0.764]","[0.4279, 0.7107]","[0.3178, 0.601]","[0.3461, 0.4799]","[0.4513, 0.4587]","[0.3766, 0.4665]","[0.3642, 0.3607]","[0.3805, 0.4686]","[0.3849, 0.5078]","[0.4655, 0.464]","[0.4542, 0.3648]","[0.4628, 0.4872]","[0.4618, 0.5131]","[0.5483, 0.4691]","[0.5422, 0.385]","[0.5441, 0.5019]","[0.5444, 0.5314]","[0.6342, 0.4855]","[0.6227, 0.4124]","[0.617, 0.4933]","[0.6204, 0.5278]"
"[0.5684, 0.7672]","[0.4298, 0.7147]","[0.3184, 0.6]","[0.3464, 0.4765]","[0.4524, 0.4624]","[0.3775, 0.4668]","[0.3652, 0.3611]","[0.379, 0.4719]","[0.3829, 0.5105]","[0.4662, 0.4633]","[0.4525, 0.3667]","[0.4585, 0.4914]","[0.4597, 0.5154]","[0.5488, 0.4688]","[0.54, 0.3839]","[0.5395, 0.5026]","[0.5433, 0.5327]","[0.6353, 0.485]","[0.621, 0.4115]","[0.6129, 0.4926]","[0.6189, 0.5278]"
"[0.5688, 0.7625]","[0.4325, 0.7109]","[0.3217, 0.6014]","[0.3487, 0.478]","[0.4541, 0.4611]","[0.3787, 0.4659]","[0.3651, 0.3607]","[0.3829, 0.4699]","[0.3871, 0.5067]","[0.4672, 0.4624]","[0.4558, 0.3664]","[0.464, 0.4896]","[0.4609, 0.5118]","[0.5495, 0.467]","[0.5435, 0.3859]","[0.5445, 0.5024]","[0.5439, 0.528]","[0.6352, 0.4819]","[0.6238, 0.4131]","[0.6186, 0.4925]","[0.6227, 0.5238]"
"[0.5695, 0.7655]","[0.4308, 0.7158]","[0.3185, 0.6003]","[0.3484, 0.4778]","[0.4538, 0.4624]","[0.3785, 0.4661]","[0.3664, 0.3613]","[0.3817, 0.4704]","[0.3854, 0.5071]","[0.4676, 0.4631]","[0.4573, 0.3669]","[0.4622, 0.491]","[0.4598, 0.5121]","[0.5495, 0.4686]","[0.5455, 0.3862]","[0.5432, 0.5035]","[0.5428, 0.5282]","[0.6347, 0.4844]","[0.6264, 0.4128]","[0.6178, 0.4935]","[0.6202, 0.5252]"
"[0.5679, 0.7721]","[0.4298, 0.7175]","[0.3178, 0.5986]","[0.3477, 0.4751]","[0.4546, 0.4632]","[0.3792, 0.467]","[0.3661, 0.3611]","[0.3835, 0.4724]","[0.3868, 0.5065]","[0.4678, 0.4642]","[0.4572, 0.3662]","[0.4629, 0.4929]","[0.4595, 0.5122]","[0.5495, 0.4701]","[0.5455, 0.3866]","[0.543, 0.506]","[0.5422, 0.5297]","[0.6345, 0.486]","[0.6255, 0.413]","[0.6164, 0.4947]","[0.6189, 0.5267]"
"[0.5689, 0.7698]","[0.4298, 0.7144]","[0.3182, 0.6]","[0.3467, 0.4771]","[0.4536, 0.4609]","[0.3764, 0.4662]","[0.3655, 0.3582]","[0.3852, 0.4708]","[0.3869, 0.5058]","[0.4658, 0.465]","[0.4576, 0.3659]","[0.4665, 0.4924]","[0.4604, 0.5122]","[0.5482, 0.4707]","[0.5453, 0.3872]","[0.5467, 0.5053]","[0.5442, 0.5289]","[0.6335, 0.486]","[0.6257, 0.4139]","[0.6203, 0.4944]","[0.6225, 0.5252]"
"[0.5696, 0.7728]","[0.4305, 0.7163]","[0.3173, 0.5995]","[0.3458, 0.4755]","[0.4548, 0.4603]","[0.377, 0.4684]","[0.3647, 0.3582]","[0.3839, 0.4708]","[0.3858, 0.5061]","[0.4664, 0.4657]","[0.4563, 0.3657]","[0.465, 0.4925]","[0.4596, 0.5124]","[0.549, 0.4709]","[0.5436, 0.3866]","[0.5452, 0.5056]","[0.5432, 0.5297]","[0.6346, 0.4858]","[0.6242, 0.413]","[0.6183, 0.4944]","[0.6212, 0.5256]"
"[0.5672, 0.767]","[0.4287, 0.7106]","[0.3172, 0.5988]","[0.3456, 0.4764]","[0.4548, 0.4587]","[0.3771, 0.4671]","[0.3646, 0.3585]","[0.3817, 0.4689]","[0.3847, 0.5055]","[0.4659, 0.4646]","[0.4554, 0.3651]","[0.4636, 0.4889]","[0.4605, 0.5112]","[0.5483, 0.4696]","[0.5428, 0.3862]","[0.5443, 0.5028]","[0.5438, 0.529]","[0.6337, 0.4849]","[0.6233, 0.4129]","[0.6179, 0.492]","[0.622, 0.524]"
"[0.5673, 0.7617]","[0.4293, 0.7108]","[0.3171, 0.6001]","[0.3441, 0.4785]","[0.4499, 0.4579]","[0.3759, 0.4657]","[0.3654, 0.3584]","[0.3828, 0.4691]","[0.3839, 0.5048]","[0.465, 0.4649]","[0.4563, 0.3656]","[0.4638, 0.4904]","[0.4574, 0.5098]","[0.5471, 0.4696]","[0.5438, 0.3861]","[0.544, 0.5036]","[0.54, 0.5261]","[0.6321, 0.4833]","[0.6258, 0.4121]","[0.6185, 0.4932]","[0.6183, 0.5237]"
"[0.5687, 0.765]","[0.4262, 0.7143]","[0.3129, 0.5997]","[0.3434, 0.4762]","[0.4521, 0.4579]","[0.3758, 0.4678]","[0.3639, 0.36]","[0.38, 0.4722]","[0.3815, 0.5087]","[0.465, 0.4655]","[0.4542, 0.3664]","[0.4603, 0.4931]","[0.4558, 0.5127]","[0.547, 0.4707]","[0.5419, 0.3864]","[0.542, 0.506]","[0.5413, 0.5292]","[0.6331, 0.4857]","[0.6245, 0.413]","[0.6177, 0.4955]","[0.6206, 0.5268]"
"[0.5678, 0.7673]","[0.4279, 0.7162]","[0.3138, 0.5998]","[0.3443, 0.4752]","[0.4521, 0.4595]","[0.3739, 0.4667]","[0.3626, 0.3603]","[0.3817, 0.473]","[0.3833, 0.5066]","[0.464, 0.4649]","[0.4548, 0.3668]","[0.4634, 0.4936]","[0.456, 0.5095]","[0.5463, 0.4699]","[0.5428, 0.3892]","[0.5448, 0.5084]","[0.5407, 0.5259]","[0.6319, 0.4838]","[0.6251, 0.4148]","[0.6208, 0.4983]","[0.6228, 0.5261]"
"[0.5687, 0.7588]","[0.4251, 0.7072]","[0.315, 0.5936]","[0.3463, 0.4724]","[0.4502, 0.4596]","[0.3742, 0.4653]","[0.3623, 0.3618]","[0.3781, 0.4687]","[0.3816, 0.5099]","[0.4629, 0.4637]","[0.4526, 0.3643]","[0.4603, 0.4832]","[0.4569, 0.511]","[0.5452, 0.4685]","[0.5398, 0.3853]","[0.5423, 0.499]","[0.5412, 0.5298]","[0.6301, 0.4838]","[0.6209, 0.4107]","[0.6164, 0.4898]","[0.619, 0.5265]"
"[0.5664, 0.7571]","[0.4246, 0.7088]","[0.3147, 0.5968]","[0.3472, 0.4762]","[0.4528, 0.4584]","[0.3756, 0.4633]","[0.363, 0.3609]","[0.3781, 0.469]","[0.382, 0.5096]","[0.4649, 0.4626]","[0.4522, 0.364]","[0.4581, 0.4856]","[0.4561, 0.5114]","[0.547, 0.4683]","[0.5401, 0.3854]","[0.5405, 0.5014]","[0.5404, 0.5292]","[0.6327, 0.4842]","[0.6229, 0.411]","[0.6165, 0.492]","[0.6188, 0.5268]"
"[0.5665, 0.7596]","[0.4247, 0.7116]","[0.313, 0.5975]","[0.345, 0.4742]","[0.4524, 0.4556]","[0.3768, 0.4636]","[0.3632, 0.3614]","[0.3754, 0.4705]","[0.3808, 0.512]","[0.4659, 0.462]","[0.4515, 0.3643]","[0.4554, 0.4881]","[0.4568, 0.5146]","[0.5485, 0.4681]","[0.5403, 0.3847]","[0.5384, 0.5034]","[0.5416, 0.5334]","[0.6349, 0.4851]","[0.6233, 0.4108]","[0.6142, 0.4935]","[0.6188, 0.5296]"
"[0.5621, 0.7583]","[0.4216, 0.7085]","[0.3138, 0.5964]","[0.3458, 0.4762]","[0.4518, 0.4578]","[0.377, 0.4624]","[0.3634, 0.3615]","[0.3744, 0.4705]","[0.3799, 0.511]","[0.4658, 0.4614]","[0.4497, 0.3645]","[0.4522, 0.4878]","[0.4556, 0.5132]","[0.5484, 0.4678]","[0.5387, 0.3844]","[0.5351, 0.502]","[0.5399, 0.5312]","[0.6354, 0.4849]","[0.6212, 0.4114]","[0.6108, 0.4921]","[0.6163, 0.5271]"
"[0.5641, 0.7595]","[0.4258, 0.7123]","[0.3146, 0.5991]","[0.3416, 0.4759]","[0.4458, 0.4549]","[0.3741, 0.4639]","[0.3614, 0.3618]","[0.3747, 0.4724]","[0.3786, 0.5104]","[0.4632, 0.4607]","[0.4499, 0.3665]","[0.4539, 0.4915]","[0.454, 0.5135]","[0.5463, 0.4664]","[0.5389, 0.3859]","[0.536, 0.5038]","[0.538, 0.5299]","[0.6337, 0.4827]","[0.6217, 0.4116]","[0.6113, 0.4923]","[0.614, 0.5256]"
"[0.5646, 0.7628]","[0.4249, 0.7133]","[0.3139, 0.5983]","[0.3433, 0.4747]","[0.4485, 0.4569]","[0.3749, 0.4648]","[0.3614, 0.3608]","[0.3749, 0.4714]","[0.3808, 0.5109]","[0.4641, 0.4623]","[0.4515, 0.3659]","[0.4551, 0.492]","[0.4565, 0.5161]","[0.5468, 0.4681]","[0.54, 0.3872]","[0.537, 0.5075]","[0.5401, 0.536]","[0.6335, 0.4847]","[0.6222, 0.4107]","[0.6114, 0.4935]","[0.6151, 0.5298]"